0 0.853516 0.507639 0.007031 0.023611
0 0.863281 0.504861 0.00625 0.020833
0 0.875781 0.513889 0.007812 0.022222
0 0.885156 0.507639 0.00625 0.020833
0 0.905859 0.524306 0.010156 0.026389
0 0.924219 0.518056 0.009375 0.022222
0 0.979297 0.568056 0.041406 0.113889
0 0.819141 0.572222 0.058594 0.147222
1 0.786719 0.483333 0.029687 0.030556
1 0.752734 0.484722 0.028906 0.027778
1 0.553125 0.483333 0.032813 0.052778
1 0.476172 0.477778 0.064844 0.075
2 0.372266 0.424306 0.100781 0.054167
1 0.131641 0.451389 0.261719 0.208333
0 0.589844 0.80625 0.15625 0.3875
0 0.428125 0.647222 0.125 0.266667
0 0.154297 0.796528 0.307031 0.406944
