1 0.108594 0.452778 0.082812 0.083333
1 0.193359 0.4625 0.072656 0.075
1 0.249219 0.452778 0.042188 0.038889
2 0.321484 0.420139 0.066406 0.090278
0 0.407031 0.502083 0.021875 0.0625
0 0.475 0.506944 0.028125 0.063889
0 0.504687 0.496528 0.023438 0.048611
1 0.387891 0.439583 0.019531 0.020833
0 0.622656 0.664583 0.070312 0.204167
0 0.659375 0.565972 0.045312 0.123611
0 0.6875 0.525694 0.035937 0.079167
0 0.555078 0.534722 0.032031 0.077778
0 0.45 0.478472 0.014063 0.034722
0 0.523047 0.476389 0.017969 0.036111
0 0.434375 0.465278 0.009375 0.030556
