0 0.579688 0.632639 0.059375 0.176389
0 0.625391 0.554167 0.044531 0.102778
0 0.654687 0.523611 0.035937 0.072222
0 0.466797 0.509722 0.028906 0.063889
0 0.528516 0.538194 0.027344 0.076389
0 0.505078 0.502778 0.022656 0.047222
0 0.400781 0.511806 0.021875 0.059722
0 0.442969 0.484722 0.014063 0.036111
2 0.312109 0.428472 0.064844 0.0875
1 0.098047 0.463194 0.078906 0.084722
1 0.176953 0.475 0.074219 0.080556
1 0.240234 0.461806 0.041406 0.040278
1 0.378516 0.446528 0.019531 0.023611
0 0.426563 0.474306 0.007812 0.023611
0 0.416797 0.457639 0.007031 0.018056
