0 0.716016 0.365972 0.011719 0.0375
0 0.733984 0.371528 0.013281 0.045833
0 0.758594 0.371528 0.020313 0.045833
0 0.776563 0.375 0.0125 0.05
0 0.796094 0.370139 0.015625 0.048611
0 0.816016 0.364583 0.013281 0.040278
0 0.8375 0.369444 0.025 0.036111
0 0.857422 0.360417 0.011719 0.0375
1 0.819922 0.349306 0.030469 0.045833
1 0.861328 0.34375 0.038281 0.045833
2 0.766016 0.322917 0.021094 0.026389
2 0.796875 0.3125 0.040625 0.05
2 0.836328 0.297917 0.049219 0.059722
1 0.952344 0.338889 0.035937 0.041667
1 0.984766 0.3375 0.030469 0.063889
0 0.551562 0.396528 0.046875 0.051389
1 0.237891 0.536806 0.422656 0.3875
0 0.070312 0.813194 0.139063 0.356944
