0 0.844141 0.50625 0.008594 0.023611
0 0.860938 0.501389 0.007812 0.022222
0 0.871484 0.515972 0.011719 0.029167
0 0.89375 0.509722 0.007812 0.025
0 0.938281 0.560417 0.039062 0.106944
0 0.804297 0.560417 0.038281 0.076389
1 0.787109 0.473611 0.021094 0.030556
1 0.769922 0.475694 0.019531 0.026389
1 0.617188 0.470833 0.084375 0.058333
1 0.566016 0.470139 0.030469 0.043056
1 0.517188 0.472222 0.073438 0.061111
1 0.365234 0.456944 0.222656 0.127778
1 0.237891 0.436111 0.067969 0.041667
1 0.135937 0.432639 0.103125 0.051389
0 0.687109 0.559722 0.044531 0.163889
0 0.748437 0.641667 0.0625 0.166667
0 0.615625 0.806944 0.151562 0.386111
