0 0.419141 0.3875 0.011719 0.044444
0 0.436719 0.391667 0.010937 0.041667
0 0.451562 0.388889 0.0125 0.044444
0 0.478516 0.389583 0.021094 0.034722
0 0.491406 0.383333 0.009375 0.033333
2 0.421094 0.336806 0.035937 0.045833
2 0.452734 0.328472 0.030469 0.056944
2 0.383203 0.350694 0.027344 0.0375
0 0.585547 0.379861 0.008594 0.020833
1 0.565625 0.375 0.032813 0.041667
1 0.615625 0.379861 0.05 0.059722
1 0.737109 0.4375 0.089844 0.133333
2 0.826172 0.396528 0.107031 0.1375
1 0.242578 0.565972 0.464844 0.506944
2 0.955078 0.408333 0.089844 0.347222
