0 0.3125 0.838194 0.095312 0.284722
0 0.660937 0.640972 0.039062 0.076389
0 0.728125 0.579167 0.017188 0.041667
0 0.420703 0.584722 0.019531 0.052778
0 0.436328 0.577083 0.014844 0.040278
0 0.478516 0.588194 0.014844 0.048611
0 0.576562 0.590278 0.015625 0.05
0 0.509766 0.56875 0.013281 0.0375
0 0.546875 0.5625 0.010937 0.025
0 0.533203 0.552778 0.007031 0.013889
0 0.525 0.55 0.00625 0.013889
2 0.376172 0.502083 0.050781 0.090278
1 0.166016 0.509722 0.082031 0.094444
1 0.242578 0.519444 0.033594 0.030556
1 0.269141 0.523611 0.019531 0.022222
