0 0.864453 0.507639 0.008594 0.023611
0 0.874219 0.503472 0.00625 0.020833
0 0.887891 0.511111 0.008594 0.025
0 0.91875 0.523611 0.009375 0.025
0 0.935937 0.515972 0.009375 0.023611
0 0.986719 0.565972 0.026562 0.1125
0 0.826562 0.577778 0.060937 0.158333
1 0.798438 0.481944 0.032813 0.033333
1 0.590625 0.477778 0.073438 0.072222
1 0.548438 0.479861 0.023438 0.051389
1 0.434766 0.475 0.086719 0.080556
0 0.642969 0.635417 0.103125 0.279167
0 0.585156 0.584722 0.042188 0.058333
0 0.492188 0.820833 0.225 0.358333
0 0.325781 0.7 0.185938 0.347222
1 0.088672 0.466667 0.175781 0.2
1 0.125 0.436806 0.1 0.045833
1 0.219922 0.446528 0.083594 0.043056
