1 0.670703 0.4875 0.014844 0.027778
1 0.603516 0.511806 0.030469 0.045833
1 0.441406 0.674306 0.335938 0.473611
2 0.614062 0.489583 0.040625 0.0375
2 0.688281 0.483333 0.020313 0.022222
0 0.719531 0.503472 0.007812 0.020833
0 0.745313 0.499306 0.00625 0.018056
0 0.796094 0.506944 0.014063 0.038889
0 0.819531 0.536111 0.028125 0.077778
0 0.271484 0.614583 0.036719 0.090278
0 0.034766 0.663889 0.067969 0.166667
1 0.169922 0.528472 0.063281 0.056944
2 0.225781 0.510417 0.104688 0.073611
2 0.057813 0.533333 0.114062 0.172222
