1 0.666406 0.520833 0.023438 0.038889
1 0.659766 0.529861 0.024219 0.040278
1 0.638672 0.534722 0.033594 0.044444
1 0.614844 0.534028 0.020313 0.0375
1 0.596875 0.540278 0.03125 0.038889
1 0.565234 0.538889 0.027344 0.036111
1 0.749609 0.607639 0.194531 0.204167
1 0.815234 0.519444 0.025781 0.036111
1 0.844922 0.520833 0.021094 0.05
1 0.334766 0.689583 0.667969 0.620833
1 0.9875 0.532639 0.025 0.090278
0 0.782813 0.766667 0.06875 0.230556
0 0.887891 0.736111 0.064844 0.197222
0 0.942578 0.661111 0.046094 0.113889
