0 0.830469 0.50625 0.00625 0.023611
0 0.848047 0.510417 0.008594 0.026389
0 0.8625 0.506944 0.007812 0.019444
0 0.877344 0.519444 0.0125 0.030556
0 0.898438 0.515972 0.007812 0.020833
0 0.947266 0.565972 0.039844 0.109722
0 0.805078 0.559028 0.046094 0.126389
1 0.7875 0.479167 0.020313 0.030556
1 0.766797 0.481944 0.033594 0.030556
1 0.608984 0.478472 0.049219 0.059722
1 0.553516 0.481944 0.030469 0.058333
1 0.255078 0.458333 0.302344 0.166667
1 0.370312 0.45 0.029687 0.033333
1 0.419922 0.453472 0.052344 0.031944
0 0.655469 0.620139 0.05 0.140278
0 0.716016 0.679861 0.094531 0.245833
0 0.583594 0.572917 0.059375 0.140278
0 0.467969 0.830556 0.270313 0.325
