0 0.826172 0.352778 0.011719 0.038889
0 0.841406 0.363194 0.0125 0.048611
0 0.871094 0.359028 0.01875 0.048611
0 0.887891 0.363194 0.013281 0.051389
0 0.910547 0.356944 0.016406 0.052778
0 0.936719 0.349306 0.0125 0.043056
0 0.959375 0.352083 0.028125 0.043056
0 0.984766 0.343056 0.011719 0.044444
1 0.945703 0.333333 0.047656 0.05
1 0.984375 0.328472 0.03125 0.051389
2 0.891406 0.310417 0.01875 0.031944
2 0.921875 0.300694 0.046875 0.0625
2 0.96875 0.281944 0.05 0.077778
0 0.596484 0.40625 0.046094 0.054167
0 0.161328 0.740278 0.321094 0.513889
1 0.241016 0.545139 0.378906 0.348611
