1 0.655078 0.497222 0.013281 0.025
1 0.594922 0.518056 0.030469 0.041667
0 0.708594 0.513194 0.007812 0.018056
0 0.733203 0.508333 0.007031 0.016667
0 0.792188 0.519444 0.0125 0.038889
0 0.830469 0.550694 0.029687 0.093056
2 0.601562 0.498611 0.040625 0.038889
2 0.311328 0.501389 0.049219 0.083333
2 0.191016 0.518056 0.114844 0.077778
1 0.15 0.533333 0.03125 0.055556
2 0.078125 0.542361 0.154688 0.181944
0 0.098828 0.665278 0.122656 0.177778
0 0.016406 0.654167 0.03125 0.133333
1 0.448437 0.675694 0.325 0.473611
