0 0.753516 0.484722 0.008594 0.027778
0 0.764453 0.479167 0.007031 0.022222
0 0.781641 0.486806 0.008594 0.026389
0 0.792188 0.478472 0.007812 0.023611
0 0.8125 0.488889 0.010937 0.030556
0 0.828125 0.485417 0.009375 0.026389
0 0.880078 0.529861 0.036719 0.101389
1 0.704297 0.454861 0.022656 0.034722
1 0.420703 0.468056 0.117969 0.097222
1 0.362891 0.470139 0.021094 0.070833
1 0.477734 0.466667 0.038281 0.055556
1 0.083984 0.475694 0.166406 0.131944
0 0.676953 0.632639 0.099219 0.284722
0 0.175391 0.763889 0.349219 0.472222
