0 0.492578 0.705556 0.183594 0.558333
0 0.627344 0.379167 0.009375 0.019444
0 0.572656 0.372222 0.017188 0.025
0 0.549609 0.369444 0.008594 0.022222
0 0.541797 0.371528 0.005469 0.023611
0 0.704297 0.456944 0.033594 0.138889
1 0.727344 0.382639 0.023438 0.059722
1 0.752344 0.365278 0.028125 0.019444
1 0.766016 0.3625 0.022656 0.019444
1 0.075781 0.363889 0.15 0.133333
1 0.229297 0.373611 0.103906 0.077778
1 0.352734 0.366667 0.080469 0.075
1 0.522656 0.370833 0.026562 0.036111
2 0.583594 0.352778 0.059375 0.038889
3 0.676172 0.354861 0.047656 0.048611
