0 0.801953 0.49375 0.010156 0.026389
0 0.8125 0.490278 0.007812 0.022222
0 0.822656 0.493056 0.00625 0.022222
0 0.830859 0.495833 0.010156 0.027778
0 0.839063 0.488194 0.007812 0.023611
0 0.861719 0.501389 0.009375 0.025
0 0.875391 0.498611 0.008594 0.022222
0 0.935156 0.545139 0.0375 0.106944
1 0.692969 0.470833 0.026562 0.027778
1 0.496094 0.474306 0.096875 0.0875
1 0.542188 0.471528 0.034375 0.051389
1 0.229297 0.481944 0.178906 0.113889
0 0.745703 0.608333 0.085156 0.25
0 0.422656 0.754861 0.21875 0.4875
0 0.0625 0.745833 0.123438 0.508333
