0 0.799219 0.425 0.00625 0.025
0 0.788281 0.431944 0.010937 0.033333
0 0.815234 0.431944 0.008594 0.027778
0 0.833203 0.422917 0.008594 0.023611
0 0.851562 0.433333 0.009375 0.025
0 0.864844 0.420139 0.007812 0.020833
0 0.896094 0.475 0.028125 0.072222
1 0.735938 0.396528 0.028125 0.034722
1 0.669141 0.404167 0.025781 0.030556
1 0.708203 0.401389 0.039844 0.036111
1 0.329688 0.408333 0.167187 0.136111
2 0.044922 0.347917 0.088281 0.076389
0 0.528516 0.732639 0.230469 0.534722
0 0.137891 0.709722 0.274219 0.552778
