0 0.854297 0.499306 0.010156 0.026389
0 0.865234 0.495139 0.007031 0.020833
0 0.875781 0.500694 0.00625 0.020833
0 0.882812 0.504167 0.009375 0.025
0 0.890625 0.495139 0.00625 0.020833
0 0.914062 0.510417 0.010937 0.026389
0 0.928125 0.506944 0.009375 0.022222
0 0.985156 0.554167 0.029687 0.111111
0 0.808203 0.599306 0.075781 0.201389
1 0.783203 0.475 0.027344 0.033333
1 0.746094 0.475694 0.021875 0.026389
1 0.562109 0.479167 0.094531 0.088889
1 0.509766 0.479167 0.027344 0.061111
1 0.609375 0.476389 0.032813 0.05
1 0.352734 0.48125 0.147656 0.095833
0 0.564453 0.704861 0.150781 0.401389
0 0.367578 0.672222 0.166406 0.383333
