0 0.775 0.489583 0.009375 0.026389
0 0.785156 0.484028 0.00625 0.023611
0 0.802734 0.490972 0.010156 0.026389
0 0.812109 0.484028 0.007031 0.020833
0 0.833984 0.49375 0.010156 0.029167
0 0.848047 0.492361 0.010156 0.023611
0 0.904297 0.536806 0.035156 0.101389
1 0.727734 0.452083 0.024219 0.020833
1 0.750391 0.463889 0.014844 0.019444
1 0.664844 0.467361 0.023438 0.026389
1 0.454688 0.470833 0.110937 0.091667
1 0.506641 0.46875 0.039844 0.056944
1 0.397656 0.475694 0.025 0.068056
1 0.157422 0.476389 0.200781 0.122222
0 0.708984 0.61875 0.091406 0.256944
0 0.309766 0.756944 0.288281 0.486111
