0 0.486328 0.376389 0.010156 0.036111
0 0.508594 0.38125 0.009375 0.040278
0 0.530469 0.384028 0.01875 0.040278
0 0.550391 0.384722 0.010156 0.05
0 0.565625 0.386111 0.0125 0.044444
0 0.596094 0.384722 0.021875 0.036111
1 0.602734 0.365278 0.035156 0.041667
2 0.512891 0.344444 0.024219 0.030556
2 0.544531 0.328472 0.039062 0.0375
2 0.578906 0.320833 0.032813 0.055556
0 0.421875 0.393056 0.039062 0.05
0 0.708984 0.369444 0.008594 0.019444
1 0.686719 0.365278 0.032813 0.041667
1 0.735547 0.368056 0.049219 0.061111
1 0.240625 0.548611 0.460938 0.469444
1 0.853906 0.429861 0.096875 0.134722
2 0.938672 0.372222 0.108594 0.144444
