1 0.4989582379659017 1 0.5604164759318034 0.15787025734230323
1 0.4420574188232422 0.0893511171694155 0.10807313919067382 0.1481475830078125
1 0.35729150772094725 1 0.045312754313151044 0.09259202745225695
1 0.3536459604899089 1 0.05989554723103841 0.09768541124131945
1 0.38619778951009115 0.7145831072771991 0.044270992279052734 0.06435207790798611
1 0.387109629313151 0.6701386628327546 0.04869785308837891 0.04027732566550926
1 0.3876299540201823 0.6143520213939525 0.04192705154418945 0.0712959572120949
1 0.34999980926513674 0.09953777171947338 0.06874987284342447 0.07222222222222222
1 0.3539063771565755 0 0.07864596048990885 0.0935182218198423
1 0.32421875 0.055786669695818865 0.09947923024495443 0.1199075769495081
1 0.3766926765441895 0.40625067816840277 0.11796862284342448 0.2763893410011574
