0 0.47018245061238606 0 0.02890631357828776 0.07314845897533276
0 0.4593751271565755 0 0.04895833333333333 0.06759287516276041
0 0.4584632873535156 0 0.020572884877522787 0.04907379150390625
0 0.45169251759847007 0.12523200423629197 0.1013023058573405 0.12176002219871239
0 0.466145928700765 0.47708265516493054 0.3526042302449544 0.7050932707609954
0 0.4432291348775228 0 0.02187506357828776 0.04444445857295284
0 0.4384113311767578 0 0.04244794845581055 0.08750045211226852
0 0.4429686864217122 0 0.028645896911621095 0.06296355636031539
0 0.419140625 0.037269337972005205 0.06536477406819662 0.1671288949471933
0 0.40429681142171225 0 0.04296881357828776 0.04953777171947338
