2 0.50703125 0.8034720526801216 0.015625190734863282 0.026389312744140626
2 0.4933590888977051 0.6840284135606554 0.02578110694885254 0.054167090521918405
2 0.40195283889770506 0.3958329094780816 0.2664062023162842 0.5972231123182509
2 0.5058595657348632 0.7027769300672743 0.02109375 0.07222222222222222
2 0.5093751907348633 0.8347217983669705 0.012499856948852538 0.03611195882161458
2 0.4980469703674316 0.890277353922526 0.011718559265136718 0.013888041178385416
2 0.5003903865814209 0.9361119588216146 0.010156536102294922 0.011111111111111112
2 0.4960939884185791 1 0.02187509536743164 0.02500084771050347
2 0.4796875476837158 1 0.04375009536743164 0.05
2 0.4355470657348633 0.0937493430243598 0.05078139305114746 0.06527824401855468
2 0.40781240463256835 0 0.09375014305114746 0.12083379957411024
2 0.48398447036743164 0 0.032031011581420896 0.11249955495198567
2 0.4941404342651367 0.012499554951985677 0.04140625 0.18611200120713975
2 0.4812501907348633 0 0.09687485694885253 0.20277690887451172
