0 0.4371091365814209 0.6666666666666666 0.03671884536743164 0.07222222222222222
0 0.4539064884185791 0.7687501695421007 0.05000009536743164 0.0958329094780816
0 0.465234112739563 0.8812498304578993 0.05859389305114746 0.12638931274414061
0 0.5320310115814209 0.4020835452609592 0.2499997138977051 0.609722646077474
0 0.4656250476837158 0.9465279473198784 0.024999713897705077 0.026389312744140626
0 0.5257810592651367 0.8722222222222222 0.07499980926513672 0.0916658189561632
0 0.5277346134185791 1 0.07734375 0.10416717529296875
0 0.5050782442092896 1 0.0742185115814209 0.09305589463975694
0 0.47656233310699464 1 0.04375014305114746 0.12499915228949653
0 0.49453139305114746 0.010416009691026476 0.05781259536743164 0.09861157735188802
0 0.5164064407348633 0 0.08906230926513672 0.19305600060356987
