1 0.445964 0.628704 0.13567700000000002 0.39537
1 0.50599 0.6060190000000001 0.052604000000000005 0.2009259999999999
1 0.385417 0.536574 0.03333300000000013 0.13981500000000005
1 0.3277339999999999 0.6201389999999999 0.08724000000000001 0.1958329999999999
1 0.15546899999999997 0.728472 0.2359370000000001 0.543056
1 0.047266 0.668981 0.07005199999999998 0.2453700000000001
1 0.2816410000000001 0.560185 0.03255199999999985 0.13055600000000003
1 0.547135 0.512269 0.02656200000000008 0.08472199999999994
1 0.6338539999999999 0.34861099999999995 0.10572899999999995 0.168519
1 0.623958 0.47430600000000006 0.10416699999999987 0.20324100000000003
1 0.8135420000000001 0.533796 0.37239599999999995 0.601852
