1 0.06953100000000001 0.539583 0.028124999999999824 0.09027800000000007
1 0.01445300000000005 0.5236110000000002 0.0242189999999999 0.07222200000000001
1 0.13789100000000004 0.614583 0.08515600000000009 0.26805599999999996
1 0.19843799999999998 0.480556 0.078125 0.12777799999999992
1 0.28710899999999995 0.447917 0.066406 0.0375
1 0.25312500000000004 0.514583 0.10624999999999991 0.143056
1 0.382031 0.579861 0.24531200000000003 0.27083300000000016
1 0.571094 0.4958330000000001 0.06875 0.097222
1 0.520703 0.53125 0.1460939999999999 0.17083300000000004
1 0.644141 0.489583 0.09140600000000002 0.07638900000000004
1 0.809375 0.567361 0.3796880000000001 0.3402780000000001
