2 0.05273399999999997 0.4875 0.013281000000000098 0.01666699999999995
2 0.17226600000000003 0.522222 0.0914060000000001 0.11666700000000002
2 0.23046900000000003 0.48125 0.02499999999999991 0.03472200000000001
2 0.03320299999999996 0.48541699999999993 0.021094000000000078 0.04583299999999997
2 0.27304700000000004 0.48680599999999996 0.07890599999999992 0.10972200000000001
2 0.11367200000000004 0.554861 0.03828099999999992 0.08749999999999984
2 0.01210899999999997 0.5666670000000001 0.024219000000000258 0.06666700000000003
2 0.804297 0.48194400000000004 0.10859400000000008 0.06944399999999994
2 0.534375 0.678472 0.5359369999999999 0.579167
2 0.9402339999999999 0.447222 0.11796899999999991 0.13888900000000004
