1 0.622266 0.444444 0.3601559999999999 0.45277800000000007
1 0.45898400000000006 0.265972 0.02109399999999999 0.037499999999999964
1 0.43164099999999994 0.261111 0.02109399999999999 0.030556000000000024
1 0.386719 0.2770830000000001 0.025 0.034722000000000044
1 0.38281200000000004 0.261806 0.021874999999999957 0.03472200000000001
1 0.4066409999999999 0.299306 0.05390600000000001 0.05972199999999993
1 0.31875 0.295833 0.0625 0.06944400000000009
1 0.251953 0.2875 0.07109399999999999 0.075
1 0.154297 0.304167 0.132031 0.13611099999999995
1 0.023047000000000005 0.296528 0.044531 0.0625
