0 0.754297 0.447222 0.01171899999999999 0.030555999999999982
0 0.765234 0.43958300000000006 0.008593999999999902 0.026388999999999958
0 0.779297 0.447222 0.010156000000000009 0.027777999999999914
0 0.797266 0.43819400000000003 0.008593999999999902 0.020832999999999973
0 0.816406 0.447222 0.009375 0.025
0 0.840625 0.447917 0.009375 0.026389000000000034
0 0.8679690000000001 0.493056 0.028124999999999824 0.07222199999999993
0 0.7023439999999999 0.4125 0.02343800000000007 0.036111000000000046
0 0.6808590000000001 0.418056 0.03828100000000001 0.03611099999999996
0 0.346094 0.41875 0.15312499999999996 0.11805600000000006
0 0.46757799999999994 0.577083 0.108594 0.2847219999999999
0 0.599219 0.7027779999999999 0.15625 0.4749999999999999
