0 0.8304690000000001 0.50625 0.006250000000000177 0.023611000000000045
0 0.848047 0.510417 0.008594000000000079 0.026389000000000034
0 0.8625 0.506944 0.007811999999999842 0.019444000000000017
0 0.8773440000000001 0.519444 0.0125 0.030555999999999982
0 0.898438 0.5159719999999999 0.007811999999999842 0.020833000000000133
0 0.9472660000000002 0.565972 0.0398439999999999 0.10972200000000008
0 0.805078 0.559028 0.04609400000000008 0.12638900000000003
0 0.7875 0.479167 0.02031300000000007 0.030555999999999982
0 0.766797 0.48194400000000004 0.0335939999999999 0.030556000000000062
0 0.608984 0.478472 0.0492189999999999 0.05972200000000009
0 0.553516 0.48194400000000004 0.03046900000000008 0.05833300000000005
0 0.255078 0.45833300000000005 0.302344 0.16666700000000004
0 0.370312 0.45 0.02968700000000002 0.0333329999999999
0 0.419922 0.45347199999999993 0.052343999999999946 0.03194399999999994
0 0.6554689999999999 0.620139 0.050000000000000086 0.14027799999999985
0 0.716016 0.6798610000000002 0.09453099999999992 0.24583299999999997
0 0.583594 0.5729169999999999 0.059374999999999914 0.14027800000000015
0 0.46796899999999997 0.830556 0.27031299999999997 0.325
