1 0.48867181142171223 0 0.03307272593180339 0.09305600766782407
1 0.46562506357828776 0 0.04375012715657552 0.04259199919524016
1 0.475000254313151 0 0.07135423024495442 0.11342578464084202
1 0.4936195373535156 0.21365689878110533 0.03463538487752279 0.034721770109953705
1 0.4436200459798177 0.7145831072771991 0.06484384536743164 0.06990763346354166
1 0.4250001907348633 0.8222222222222222 0.07812506357828776 0.09166576244212964
1 0.42916663487752277 0.9629636411313658 0.15156224568684895 0.15370313856336806
1 0.4908852259318034 1 0.051041825612386064 0.13148091634114584
1 0.5350262959798177 0.7581013432255498 0.05546868642171224 0.0449066162109375
1 0.5251302719116211 0.6891199747721354 0.08255195617675781 0.1050933837890625
1 0.5230467478434245 0.5865741871021412 0.04973961512247722 0.11111105459707754
1 0.4704428672790527 0.42083378544560185 0.1190103530883789 0.29351829246238426
