1 0.7144530000000001 0.4900459999999999 0.07682300000000014 0.10787
1 0.8778649999999999 0.668519 0.04791699999999999 0.12407399999999998
1 0.7852859999999999 0.5256940000000001 0.03984399999999996 0.09027799999999997
1 0.813932 0.525694 0.019531000000000038 0.055093000000000024
1 0.764453 0.545833 0.04557300000000015 0.07129600000000001
1 0.744271 0.558333 0.022917000000000107 0.07222200000000004
1 0.699219 0.563889 0.09531200000000008 0.12407400000000009
1 0.655599 0.544676 0.029948000000000027 0.06990699999999997
1 0.5625 0.588657 0.17968800000000004 0.22361100000000006
1 0.41484399999999994 0.598843 0.13124999999999995 0.14768500000000004
1 0.073047 0.7868059999999999 0.145573 0.426389
