2 0.22187500000000004 0.49375 0.014062999999999892 0.023611000000000045
2 0.17304699999999995 0.489583 0.027343999999999903 0.026389000000000034
2 0.13828100000000002 0.509722 0.007812000000000019 0.019444000000000017
2 0.12031299999999998 0.509028 0.00625 0.01805600000000006
2 0.252344 0.568056 0.04062499999999991 0.1166670000000001
2 0.301953 0.602778 0.05546899999999999 0.14166700000000002
2 0.7433590000000001 0.503472 0.06953100000000001 0.04861099999999997
2 0.527344 0.6854169999999999 0.4125 0.5374999999999999
2 0.976172 0.502778 0.04609400000000008 0.08055599999999999
2 0.9148440000000001 0.478472 0.16875 0.11527799999999991
