1 0.47799498240152993 1 0.07526025772094727 0.1129635563603154
1 0.4782554626464844 0.573148430718316 0.03932269414265951 0.03703647189670139
1 0.4536460876464844 0.5342595700864439 0.08020855585734049 0.07685156928168403
1 0.4045572598775228 0.44907379150390625 0.11640599568684896 0.12036980523003472
1 0.44804693857828776 0.3113421969943576 0.06953118642171224 0.08379550509982639
1 0.479296620686849 0.25555555555555554 0.05026048024495443 0.043518292462384256
1 0.46393248240152996 0.19166576244212963 0.08098929723103841 0.13611201533564815
1 0.35481764475504557 0 0.2705731709798177 0.3912035906756366
1 0.49023443857828775 0 0.09505182902018229 0.14953782823350695
1 0.39674469629923503 0 0.16953131357828777 0.1624995478877315
1 0.5509113311767578 0.6995377717194734 0.06953118642171224 0.1490737349898727
1 0.4934896151224772 0.6666666666666666 0.08541673024495443 0.09444444444444444
1 0.4834636052449544 0.8699075486924913 0.19296897252400716 0.4175928751627604
