0 0.4493491013844808 1 0.053385194142659506 0.3277777777777778
0 0.4537760098775228 0.9124995478877315 0.03307272593180339 0.11759281864872685
0 0.45911469459533694 0.5877315945095486 0.031770547231038414 0.18472182662398726
0 0.49375006357828777 1 0.04062487284342448 0.12129595721209491
0 0.4920574982961019 0.6231484307183159 0.03151070276896159 0.05925869411892361
0 0.5838541348775228 1 0.09375019073486328 0.08009236653645833
0 0.4734376271565755 0.03425955595793547 0.033333206176757814 0.18425957008644386
0 0.447265625 0.1453706529405382 0.05807304382324219 0.22777777777777777
0 0.475000254313151 0 0.022395960489908853 0.06388801292136863
0 0.4735675811767578 0 0.022656377156575522 0.06574042991355614
0 0.4537760098775228 0 0.03046894073486328 0.09259201332374856
0 0.45429685910542805 0 0.02734371821085612 0.09861156322337963
0 0.4477865219116211 0 0.04088528951009115 0.1351857785825376
0 0.5079425017038981 0 0.04713525772094727 0.07916624281141493
0 0.49153663317362467 0 0.0450523058573405 0.052314673529730904
0 0.5244794527689616 0.06666666666666667 0.11718730926513672 0.11944354021990741
0 0.5324219226837158 0.2872693379720052 0.10494788487752278 0.10601778383608218
0 0.5169273058573405 0.40810134322554975 0.06249993642171224 0.08657418710214121
0 0.5696616967519125 0.6953706529405382 0.11536480585734049 0.1518524169921875
0 0.6071613152821859 0.8317137541594328 0.14088544845581055 0.14027732566550927
0 0.6600261847178142 1 0.16692692438761395 0.1972213179976852
0 0.5709633032480875 1 0.16223961512247723 0.10231470178674769
