0 0.6320311228434244 0.20069510848433883 0.15885391235351562 0.27916624281141494
0 0.6334638118743896 0.3344906842267072 0.08776070276896158 0.07638934100115741
0 0.6713543732961019 0.6143520213939525 0.06197907129923503 0.05925869411892361
0 0.6548174381256103 0.687269366229022 0.04713525772094727 0.036574187102141206
0 0.6985675652821859 0.8166666666666667 0.08567717870076498 0.08796273690682871
0 0.7264321327209473 0.5087964093243634 0.10963522593180339 0.11851914017288773
0 0.6930989424387614 0.9405084115487558 0.10026057561238606 0.1245369240089699
0 0.6424480597178142 0 0.05833349227905273 0.04027732566550926
0 0.6644530614217122 0.029861337167245372 0.062239519755045575 0.07731554949725115
0 0.6725260734558105 0 0.10078144073486328 0.14629687556514034
0 0.7266925811767578 1 0.1091143290201823 0.2398151538990162
