2 0.49296875 1 0.0140625 0.027777777777777776
2 0.5031252384185791 1 0.02187509536743164 0.05555555555555555
2 0.4953126907348633 1 0.009375190734863282 0.022222222222222223
2 0.5152341842651367 1 0.06640644073486328 0.17777777777777778
2 0.4933591365814209 0.9187501695421006 0.01953115463256836 0.059722646077473955
2 0.496484375 0.006944009992811415 0.03828144073486328 0.16666668785942926
2 0.6058591127395629 0.43680534362792967 0.3242187976837158 0.9208337571885851
2 0.5398435592651367 1 0.03906230926513672 0.05694393581814236
2 0.5289063453674316 1 0.06093730926513672 0.07083375718858508
2 0.49492177963256834 0.8055555555555556 0.06328125 0.14444444444444443
2 0.475390625 0 0.07890644073486328 0.24861153496636285
