0 0.015234 0.17708299999999996 0.029947999999999995 0.353241
0 0.032552 0.23495400000000002 0.027082999999999992 0.09861100000000002
0 0.097135 0.354861 0.07708299999999998 0.21064799999999995
0 0.16471400000000003 0.301852 0.054948 0.14907400000000007
0 0.23125 0.215509 0.04062500000000003 0.10046299999999996
0 0.274089 0.24953699999999998 0.03671899999999996 0.09536999999999998
0 0.367839 0.433796 0.16432300000000002 0.466667
0 0.483464 0.246065 0.08567700000000003 0.12824099999999997
0 0.628385 0.22175899999999998 0.153125 0.21018499999999998
0 0.8029949999999999 0.281713 0.09192700000000009 0.21157400000000004
0 0.916797 0.639583 0.16640600000000003 0.720833
