1 0.114714 0.45439799999999997 0.11275999999999999 0.16712999999999992
1 0.951432 0.489583 0.0528649999999999 0.120833
1 0.379688 0.508796 0.02812499999999994 0.07222199999999993
1 0.409245 0.501389 0.034634999999999985 0.06944400000000017
1 0.475911 0.513194 0.02890600000000004 0.06157399999999987
1 0.529036 0.517824 0.023698000000000028 0.03564799999999995
1 0.5536460000000001 0.532639 0.028645999999999935 0.03935200000000005
1 0.73763 0.537731 0.012240000000000013 0.03472200000000004
1 0.771484 0.537731 0.016926999999999855 0.043981000000000055
1 0.80612 0.5243059999999999 0.025260000000000105 0.06805600000000003
1 0.83112 0.551157 0.010156000000000038 0.02824099999999987
1 0.84375 0.5412040000000001 0.013541999999999868 0.03796300000000001
1 0.857943 0.5277780000000001 0.020572999999999907 0.04444399999999996
1 0.758073 0.5699069999999999 0.02031300000000004 0.02777799999999986
1 0.726953 0.558565 0.04609400000000008 0.054167
1 0.6713539999999999 0.552315 0.05468800000000004 0.04536999999999999
