2 0.064453 0.399306 0.013280999999999987 0.04305599999999998
2 0.033984 0.39166699999999993 0.025781 0.044444000000000095
2 0.017969000000000002 0.39027800000000007 0.015625000000000003 0.036111000000000046
2 0.005469 0.400694 0.009374999999999998 0.0375
2 0.018358999999999997 0.344444 0.035156 0.06944400000000009
2 0.033203 0.32708299999999996 0.06484399999999998 0.059722000000000046
2 0.051171999999999995 0.3756939999999999 0.028905999999999998 0.04305599999999994
2 0.9785160000000002 0.48125 0.04296900000000008 0.04583299999999997
2 0.45429700000000006 0.4645830000000001 0.09921900000000008 0.14027799999999999
2 0.550781 0.44236099999999995 0.11250000000000009 0.14861100000000005
2 0.22499999999999995 0.618056 0.4484369999999999 0.5583330000000001
2 0.8195309999999999 0.39375 0.360938 0.540278
