1 0.12617199999999998 0.53125 0.05234399999999996 0.03842600000000002
1 0.196354 0.5238430000000001 0.08125000000000011 0.04120399999999999
1 0.18229200000000004 0.5969909999999999 0.014583000000000013 0.052315000000000056
1 0.15598999999999996 0.6175930000000001 0.027083000000000013 0.07129600000000001
1 0.08736999999999995 0.739583 0.10599000000000013 0.30601900000000004
1 0.42486999999999997 0.38287 0.17109400000000002 0.19074099999999997
1 0.62526 0.5050929999999999 0.35520800000000013 0.5759259999999999
1 0.895964 0.505093 0.207552 0.5046300000000001
1 0.35234400000000005 0.699306 0.329167 0.49861099999999986
1 0.9666669999999999 0.884722 0.06614600000000005 0.23055599999999993
