0 0.475781 0.5875 0.04062499999999982 0.07499999999999993
0 0.4406250000000001 0.5659719999999999 0.02968700000000002 0.03749999999999992
0 0.389062 0.553472 0.0515620000000002 0.09027799999999991
0 0.32734399999999997 0.534722 0.07031199999999993 0.10833299999999989
0 0.584375 0.42222199999999993 0.325 0.4250000000000001
0 0.338281 0.4375 0.04531200000000002 0.1305559999999999
0 0.274609 0.45486099999999996 0.04609400000000008 0.1125
0 0.20585899999999996 0.4763889999999999 0.0382810000000001 0.11944400000000009
0 0.05390600000000001 0.48611099999999996 0.05468799999999998 0.11944400000000009
0 0.01601600000000012 0.47361100000000006 0.03203099999999992 0.10555599999999998
