2 0.19283899999999995 0.54213 0.02421899999999996 0.058333
2 0.22578099999999998 0.529398 0.030208000000000013 0.045833
2 0.2824219999999999 0.55 0.0841149999999999 0.16574099999999997
2 0.39140600000000003 0.57338 0.14479200000000012 0.243981
2 0.442578 0.545602 0.09713499999999999 0.221759
2 0.1976560000000001 0.5625 0.016666999999999987 0.02777800000000007
2 0.215365 0.566667 0.025520999999999815 0.04351900000000005
2 0.233333 0.575 0.026041999999999867 0.05092600000000003
2 0.16484399999999996 0.727778 0.05729199999999987 0.16759300000000013
2 0.943359 0.663889 0.11276000000000011 0.672222
