2 0.4852866808573405 0.4409724200213397 0.04765612284342448 0.04398221616391782
2 0.48463532129923503 0.3624995478877315 0.07812506357828776 0.15277868200231481
2 0.4684893290201823 0.6069439923321759 0.036458428700764975 0.04259191442418982
2 0.47513017654418943 0.6581013432255498 0.02578105926513672 0.025463075991030093
2 0.46393251419067383 0.6951395670572916 0.04765612284342448 0.04583288122106482
2 0.4619789123535156 0.7668977525499132 0.05416650772094726 0.06990752043547453
2 0.4175779978434245 0.8634258128978588 0.1341146469116211 0.1638897931134259
2 0.42695318857828773 1 0.09244798024495443 0.1245369240089699
2 0.4135415077209473 0.5185190836588541 0.140625 0.12129601372612847
2 0.45807291666666666 0.2148142214174624 0.041145737965901694 0.04537065294053819
2 0.4760414123535156 0.15949156019422744 0.022916825612386067 0.025463132505063657
2 0.4738279978434245 0.0030097678855613426 0.03046894073486328 0.04583288122106482
2 0.4549476941426595 0 0.04687480926513672 0.06111109698260272
2 0.44166647593180336 0 0.06822900772094727 0.09490667272497107
2 0.4627602259318034 1 0.07604157129923503 0.16759293167679398
2 0.5170572598775228 0.40509332727502895 0.04140618642171224 0.08888888888888889
