2 0.32083307902018227 0.9527786678738064 0.20104141235351564 0.30648179230866607
2 0.41406237284342445 1 0.08541673024495443 0.2018524452492043
2 0.41432282129923503 0.7356480068630642 0.08593762715657552 0.21388973659939237
2 0.4149742126464844 0.3611110828540943 0.0903644879659017 0.2240746957284433
2 0.37356745402018227 0.21736178927951388 0.11536480585734049 0.1152782298900463
2 0.33372389475504555 0 0.22994775772094728 0.26435196487991897
2 0.46679674784342445 0 0.04140618642171224 0.03240718135127315
2 0.47799498240152993 0 0.029948075612386067 0.025000904224537036
2 0.4877605438232422 0 0.023958555857340493 0.02268450701678241
2 0.5239585876464844 0.1432870935510706 0.1114582379659017 0.2050933837890625
2 0.534765879313151 0 0.06744769414265951 0.09583288122106481
