1 0.5257810592651367 0.8013884650336371 0.0203125 0.03888888888888889
1 0.5289062976837158 0.7347217983669705 0.01562509536743164 0.04722137451171875
1 0.5285153865814209 0.6937493642171224 0.017968463897705077 0.03472179836697049
1 0.5269533157348633 0.569443596733941 0.016406440734863283 0.016666666666666666
1 0.5230467319488525 1 0.02734365463256836 0.040277353922526044
1 0.3902343034744263 0.33611198001437714 0.24140639305114747 0.23333329094780816
1 0.47226533889770506 0.19722311231825088 0.05390610694885254 0.06111111111111111
1 0.5359375953674317 0.07013867696126302 0.0140625 0.06249957614474826
1 0.521484088897705 0.13958399030897353 0.03046889305114746 0.07083379957411025
1 0.531640625 0.2611111111111111 0.016406440734863283 0.052776930067274304
1 0.5402344703674317 0.4354168785942925 0.038281488418579104 0.08194486829969617
1 0.5249997615814209 1 0.05468740463256836 0.18611195882161458
1 0.41132802963256837 1 0.34609389305114746 0.39583299424913193
