0 0.6882809999999999 0.363889 0.01249999999999991 0.03333300000000005
0 0.628125 0.38125 0.01875 0.054166999999999986
0 0.5945309999999999 0.45416699999999993 0.04062500000000009 0.13888900000000012
0 0.699219 0.35833300000000007 0.009375 0.022221999999999967
0 0.669141 0.35694400000000004 0.0070310000000000095 0.019444000000000055
0 0.644922 0.355556 0.028906000000000008 0.058332999999999934
0 0.7753909999999999 0.346528 0.02265600000000001 0.029167000000000068
0 0.739844 0.365278 0.06406200000000002 0.07777800000000003
0 0.8542970000000001 0.39305599999999996 0.15859400000000007 0.21666700000000003
0 0.44726600000000005 0.42986100000000005 0.06171900000000008 0.1708330000000001
0 0.546875 0.491667 0.10156199999999993 0.29444400000000004
