0 0.974349 0.7331019999999999 0.05078099999999992 0.4995369999999999
0 0.7838539999999999 0.673843 0.13697899999999993 0.05324100000000008
0 0.3559900000000001 0.659954 0.12239599999999994 0.15601899999999994
0 0.20924500000000001 0.5965279999999998 0.03515600000000004 0.06527799999999996
0 0.22044299999999997 0.608333 0.03515599999999992 0.0703700000000001
0 0.288411 0.594676 0.0752600000000001 0.11620399999999999
0 0.474349 0.548843 0.27317699999999995 0.38842599999999994
0 0.174219 0.695833 0.03437500000000012 0.08888900000000004
0 0.119401 0.671759 0.022135000000000106 0.06481500000000005
0 0.14661500000000008 0.648148 0.016666999999999987 0.05925900000000002
