0 0.677474 0.8092590000000001 0.011198000000000026 0.03240699999999998
0 0.702344 0.777546 0.01875 0.052315000000000056
0 0.6453120000000001 0.7884260000000001 0.018229000000000065 0.04814800000000006
0 0.757422 0.619676 0.040364999999999894 0.12638900000000003
0 0.568359 0.7206020000000001 0.03828100000000004 0.1634259999999999
0 0.610677 0.649769 0.08489600000000017 0.2874999999999999
0 0.768099 0.864352 0.05078099999999992 0.11944399999999997
0 0.7227859999999999 0.865046 0.015884999999999986 0.024536999999999882
0 0.70651 0.854398 0.022917000000000107 0.033796000000000014
0 0.17083299999999998 0.34745400000000004 0.341146 0.694907
