0 0.394921612739563 0.12499909930759007 0.19140639305114746 0.5194435119628906
0 0.3546877145767212 1 0.2218747615814209 0.7388888041178385
0 0.4375000476837158 0 0.039062213897705075 0.14444444444444443
0 0.41484365463256834 0.3763893127441406 0.0812497615814209 0.052776930067274304
0 0.415625 0 0.0812497615814209 0.18333333333333332
0 0.4195310115814209 0.44305597941080727 0.07812509536743165 0.17777777777777778
0 0.41249971389770507 0.7090275658501519 0.09062495231628417 0.33750042385525175
0 0.3968752145767212 0 0.0531247615814209 0.05
0 0.3800783634185791 0 0.06328125 0.06111111111111111
0 0.30156238079071046 0.17569423251681857 0.1656247615814209 0.30972264607747396
