0 0.5753907203674317 0.8840284559461805 0.02109375 0.02083375718858507
0 0.5722655296325684 0.9159715440538194 0.02578105926513672 0.023610687255859374
0 0.5722655296325684 0.9597226460774739 0.02578105926513672 0.03611195882161458
0 0.5703125 0.9916675143771702 0.028125 0.022222222222222223
0 0.5730468273162842 1 0.02734365463256836 0.027777862548828126
0 0.5761720657348632 1 0.02265639305114746 0.023610772026909723
0 0.5734377384185791 1 0.020312404632568358 0.044444444444444446
0 0.5785154342651367 1 0.02109375 0.020833841959635415
0 0.5847653388977051 1 0.02578110694885254 0.05416717529296875
0 0.587890625 1 0.02578105926513672 0.06805504692925347
0 0.5996091842651368 0.9729173448350694 0.01484379768371582 0.037500423855251735
0 0.60546875 1 0.028125 0.07222222222222222
0 0.6136716842651367 1 0.033593606948852536 0.08750050862630208
0 0.5906249046325683 1 0.0234377384185791 0.06388804117838541
0 0.59140625 1 0.03593754768371582 0.05416700575086805
0 0.5582029819488525 0.5916658189561632 0.02890634536743164 0.08333333333333333
0 0.4792966365814209 0.03402843475341797 0.21796875 0.7513883802625868
0 0.3238283634185791 0 0.20078096389770508 0.2472230911254883
