0 0.246484 0.5152780000000001 0.00859399999999999 0.02777799999999999
0 0.23554699999999995 0.520833 0.007031000000000098 0.02222199999999993
0 0.21835899999999997 0.5131939999999999 0.008593999999999902 0.026389000000000034
0 0.20781199999999997 0.521528 0.00781199999999993 0.02361100000000012
0 0.1875 0.511111 0.010936999999999841 0.030556000000000062
0 0.171875 0.514583 0.009375 0.026388999999999958
0 0.11992199999999995 0.47013900000000003 0.036718999999999904 0.10138899999999995
0 0.29570300000000005 0.545139 0.0226560000000001 0.03472200000000001
0 0.5792970000000001 0.531944 0.11796899999999999 0.09722199999999993
0 0.6371089999999999 0.5298610000000001 0.021094000000000078 0.07083299999999998
0 0.5222659999999999 0.5333330000000001 0.03828100000000001 0.055556000000000064
0 0.9160160000000002 0.5243059999999999 0.1664060000000001 0.13194399999999995
0 0.323047 0.3673610000000001 0.0992189999999999 0.28472199999999986
0 0.8246089999999999 0.23611099999999996 0.3492189999999999 0.4722219999999999
