2 0.7132809999999999 0.667824 0.13750000000000012 0.39768500000000007
2 0.15351599999999993 0.386343 0.010156000000000038 0.025463000000000013
2 0.16666700000000004 0.39606499999999994 0.009895999999999934 0.035648000000000006
2 0.18216100000000005 0.410417 0.015365000000000014 0.043981000000000006
2 0.13724 0.389352 0.0125 0.030556000000000035
2 0.03802099999999999 0.531713 0.07604199999999998 0.20138899999999998
2 0.24479199999999998 0.631713 0.153125 0.401389
2 0.36640599999999995 0.528935 0.05312500000000012 0.14768500000000004
2 0.438411 0.471991 0.09973999999999995 0.10879600000000006
2 0.6119789999999999 0.473611 0.09583299999999989 0.10463000000000001
2 0.87526 0.464815 0.09531200000000008 0.126852
2 0.9666669999999999 0.46412 0.06614600000000005 0.11620399999999993
2 0.343099 0.346065 0.09296900000000008 0.11527799999999996
2 0.22031299999999998 0.33240699999999995 0.03697900000000007 0.07129600000000007
