0 0.372656 0.337269 0.022916999999999986 0.031019000000000047
0 0.395964 0.342824 0.026302000000000093 0.0375
0 0.42265600000000003 0.34652799999999995 0.035936999999999844 0.06435199999999999
0 0.49908900000000006 0.378935 0.13776 0.21990699999999996
0 0.353385 0.394444 0.011978999999999946 0.05462999999999991
0 0.3398440000000001 0.414583 0.022917000000000107 0.08009299999999997
0 0.2881510000000001 0.480324 0.049739999999999895 0.13564799999999996
0 0.46497399999999994 0.540741 0.08724000000000001 0.33981500000000003
0 0.645182 0.381019 0.03151000000000011 0.06203699999999999
0 0.824219 0.38287 0.06458300000000002 0.07222200000000004
0 0.24583299999999994 0.352546 0.033854000000000065 0.11157400000000008
0 0.07890600000000005 0.668519 0.1578120000000001 0.512963
