0 0.5441405057907105 1 0.2539062976837158 0.5986115349663629
0 0.48398451805114745 0.18124978807237413 0.08984365463256835 0.27083375718858504
0 0.4660154342651367 0.06249957614474826 0.04609355926513672 0.1
0 0.4652341365814209 0.0458329094780816 0.04765615463256836 0.14444444444444443
0 0.4503908634185791 0.025694232516818575 0.02109375 0.11249957614474826
0 0.46640634536743164 0 0.05625 0.15416711171468098
0 0.4609377384185791 0 0.04062490463256836 0.1111111111111111
0 0.49296875 0.6736106872558594 0.07187519073486329 0.08611195882161458
0 0.5011716842651367 0.7930559794108073 0.060156059265136716 0.08888888888888889
0 0.47734365463256834 0.9180551317003038 0.0421875 0.11666666666666667
