0 0.5117185592651368 0.2041670905219184 0.021875 0.04166751437717014
0 0.5167968273162842 0.2159715864393446 0.022656345367431642 0.04305597941080729
0 0.5195311307907104 0.2534720102945964 0.0249997615814209 0.059722646077473955
0 0.5191407203674316 0.2958329094780816 0.02109375 0.03611195882161458
0 0.5226563930511474 0.3277777777777778 0.02187509536743164 0.05555555555555555
0 0.5218750476837158 0.38402841356065537 0.020312404632568358 0.04861153496636285
0 0.5605469584465027 0.0562506357828776 0.11484391689300537 0.3458329094780816
0 0.5109372615814209 0 0.020312404632568358 0.045832994249131946
0 0.5117185592651368 0 0.028125 0.03750050862630208
0 0.6066404342651367 0.7937493642171224 0.34921855926513673 1.1875004238552518
0 0.5183594226837158 0 0.05078134536743164 0.044444444444444446
0 0.6500002145767212 0 0.1296877384185791 0.12222222222222222
0 0.6328124284744263 0 0.11093735694885254 0.11527811686197917
0 0.5906249284744263 0 0.06406254768371582 0.08194495307074653
