1 0.5760415395100912 1 0.049479166666666664 0.04583288122106482
1 0.5540365854899089 1 0.03880182902018229 0.03935117368344907
1 0.5549477895100912 1 0.022395896911621093 0.019907520435474536
1 0.5149737358093261 1 0.05182310740152995 0.058796409324363426
1 0.5082029342651367 1 0.08619804382324218 0.07083378544560186
1 0.5028648376464844 1 0.1411458651224772 0.2407413058810764
1 0.5082029342651367 0.8775466918945313 0.10026054382324219 0.05324085376880787
1 0.5222654342651367 0.8148141931604456 0.08932275772094726 0.0898151538990162
1 0.5131512324015299 0.49629686143663193 0.271093495686849 0.6583324291087963
1 0.5725259145100912 0 0.1611978848775228 0.5611111111111111
