3 0.486719 0.622917 0.157812 0.42916700000000013
3 0.584375 0.396528 0.025 0.06805599999999998
3 0.645703 0.37847200000000003 0.016406000000000098 0.04305599999999998
3 0.669141 0.359722 0.01171899999999999 0.027777999999999952
3 0.6089840000000001 0.354861 0.02734400000000008 0.05416699999999995
3 0.7121090000000001 0.366667 0.066406 0.08333300000000002
3 0.754297 0.342361 0.02578100000000001 0.04305599999999998
3 0.773438 0.349306 0.0375 0.04305599999999994
3 0.8820309999999999 0.4124999999999999 0.232813 0.2972219999999999
3 0.07617200000000005 0.28611099999999995 0.1523440000000001 0.5694439999999998
