1 0.13554699999999995 0.5076389999999998 0.008593999999999902 0.023611000000000045
1 0.125781 0.5034720000000001 0.006250000000000177 0.020833000000000053
1 0.11210899999999997 0.511111 0.008593999999999902 0.025
1 0.08125 0.523611 0.009375 0.024999999999999842
1 0.06406299999999998 0.5159719999999999 0.009375 0.023611000000000045
1 0.01328100000000001 0.5659720000000001 0.02656200000000002 0.11250000000000007
1 0.17343799999999993 0.577778 0.06093700000000011 0.15833300000000006
1 0.20156200000000007 0.48194400000000004 0.03281299999999989 0.033332999999999974
1 0.409375 0.4777779999999999 0.07343799999999989 0.07222200000000001
1 0.451562 0.479861 0.02343800000000016 0.051388999999999956
1 0.565234 0.475 0.08671899999999999 0.08055599999999999
1 0.357031 0.635417 0.10312499999999991 0.27916699999999994
1 0.414844 0.584722 0.04218799999999998 0.058332999999999975
1 0.507812 0.820833 0.225 0.35833299999999996
1 0.674219 0.7 0.185938 0.3472219999999999
1 0.9113279999999999 0.46666699999999994 0.1757809999999999 0.20000000000000007
1 0.875 0.43680599999999997 0.1 0.04583299999999997
1 0.7800779999999999 0.446528 0.08359400000000008 0.04305599999999998
