2 0.20078100000000002 0.35 0.17656299999999997 0.22777800000000006
2 0.307813 0.35902800000000007 0.07187499999999991 0.1319440000000001
2 0.38085899999999995 0.37013900000000005 0.0882810000000001 0.10138899999999995
2 0.503125 0.31944399999999995 0.25 0.22777799999999998
2 0.11679700000000004 0.3625000000000001 0.05078099999999992 0.11111099999999996
2 0.08945299999999996 0.4083329999999999 0.10546900000000008 0.08055600000000006
2 0.06875 0.338194 0.025 0.06527799999999999
2 0.03984399999999999 0.323611 0.02656200000000002 0.07777799999999983
2 0.819922 0.14027799999999999 0.3585940000000001 0.28055599999999997
2 0.70625 0.3458329999999999 0.18593800000000008 0.17222199999999993
2 0.8332029999999999 0.35069399999999995 0.3320309999999999 0.490278
