1 0.7705730000000001 0.522685 0.02968699999999996 0.08981499999999995
1 0.9851559999999999 0.550694 0.029166999999999988 0.1087959999999999
1 0.902865 0.513657 0.040103999999999945 0.05972200000000003
1 0.831641 0.50787 0.0721350000000001 0.05648100000000006
1 0.738802 0.508102 0.02604199999999999 0.07175900000000002
1 0.3639320000000001 0.664583 0.06432299999999991 0.1958329999999999
1 0.22460899999999995 0.687731 0.07265600000000004 0.1967589999999999
1 0.121745 0.746065 0.12630199999999986 0.3013889999999999
1 0.42994800000000005 0.4388889999999999 0.07343799999999986 0.18611100000000003
1 0.60013 0.402083 0.08671899999999996 0.06435199999999999
1 0.584766 0.566667 0.214323 0.2814809999999999
