0 0.285938 0.376389 0.01249999999999991 0.03611099999999996
0 0.308984 0.365278 0.0070310000000000095 0.019444000000000017
0 0.274219 0.366667 0.007812000000000019 0.025
0 0.34492200000000006 0.395139 0.019530999999999965 0.056944000000000015
0 0.20039100000000004 0.355556 0.021094000000000012 0.030556000000000024
0 0.23398399999999997 0.375 0.06328099999999996 0.08055599999999999
0 0.328516 0.365278 0.02421899999999999 0.058332999999999934
0 0.11171899999999998 0.403472 0.175 0.23749999999999988
0 0.517188 0.438889 0.06093700000000002 0.169444
0 0.384766 0.447917 0.05546899999999999 0.204167
0 0.43828100000000003 0.5125 0.11406200000000002 0.3277779999999999
