2 0.4712242126464844 0.7909724482783564 0.053385162353515626 0.13287104853877316
2 0.4285158157348633 0.09976889292399088 0.1882811228434245 0.6254631325050637
2 0.47330711682637533 1 0.01484378178914388 0.016666666666666666
2 0.46028637886047363 1 0.04192705154418945 0.04074130588107639
2 0.4514320691426595 0.9495377152054398 0.02890631357828776 0.025000791196469908
2 0.43372402191162107 0.9861120153356482 0.04765612284342448 0.05833423755787037
2 0.49557312329610187 0.9576391149450232 0.02343772252400716 0.05231458875868056
2 0.4864583651224772 0.9340284559461806 0.031770579020182294 0.053240966796875
2 0.4932291825612386 0.8666666666666667 0.04739567438761393 0.08518586335358797
2 0.4747398058573405 0.5967590897171585 0.12395814259847006 0.27685151276765047
2 0.5226563771565755 0.7300924230504919 0.07968769073486329 0.20925869411892362
