0 0.8019529999999999 0.49375 0.010156000000000099 0.026388999999999958
0 0.8125 0.490278 0.007811999999999842 0.02222199999999993
0 0.8226559999999999 0.493056 0.006250000000000177 0.02222200000000001
0 0.8308589999999999 0.4958330000000001 0.010156000000000099 0.02777799999999999
0 0.839063 0.488194 0.007811999999999842 0.02361100000000012
0 0.8617190000000001 0.501389 0.009374999999999823 0.025
0 0.8753910000000001 0.498611 0.008593999999999902 0.02222199999999993
0 0.9351559999999999 0.545139 0.03750000000000018 0.10694399999999994
0 0.692969 0.47083300000000006 0.02656199999999993 0.02777799999999999
0 0.4960939999999999 0.474306 0.0968749999999999 0.0875
0 0.542188 0.471528 0.034375 0.05138900000000003
0 0.229297 0.48194400000000004 0.178906 0.11388899999999996
0 0.745703 0.608333 0.08515600000000001 0.25
0 0.4226559999999999 0.754861 0.21874999999999994 0.4875
0 0.062499999999999986 0.7458329999999999 0.123438 0.508333
