3 0.67578125 0.5083324291087963 0.05885442097981771 0.0759253042715567
3 0.6677082061767579 0.5486115632233797 0.04687480926513672 0.10925863760489005
3 0.6674477895100911 0.4541671187789352 0.05416647593180338 0.06388798466435185
3 0.6777342478434245 0.22291731657805267 0.04036445617675781 0.03935111716941551
3 0.6614583333333334 0.1983804490831163 0.044791857401529946 0.03379556161385995
3 0.6462240854899088 0.022453336362485532 0.05651048024495443 0.06249954788773148
3 0.6131507873535156 0 0.08255189259847005 0.0782400060583044
3 0.4360679626464844 0 0.3164062817891439 0.29074133413809317
3 0.6397137959798177 0.3891200030291522 0.06744772593180338 0.04861150670934607
3 0.6272132873535157 0.3370364436396846 0.08671894073486328 0.08703641538266782
3 0.5938800811767578 0.10856533756962529 0.11848951975504557 0.1328711333098235
3 0.5804690043131511 0.6490737915039062 0.10416653951009115 0.13425959834346066
3 0.6587239583333333 0.8187502260561342 0.08880189259847006 0.11805510344328704
3 0.6390623728434245 1 0.10000012715657552 0.2449066162109375
3 0.7319012959798177 0 0.049739646911621097 0.12731554949725116
3 0.7196613311767578 0 0.05859394073486328 0.07963022302698206
