0 0.07539100000000003 0.713889 0.1507810000000001 0.31388900000000014
0 0.45195300000000005 0.619444 0.0554689999999999 0.1499999999999999
0 0.40351599999999993 0.5465280000000001 0.04296899999999999 0.09861100000000005
0 0.37148400000000004 0.519444 0.03203099999999992 0.06388900000000003
0 0.6089840000000001 0.517361 0.025780999999999922 0.0625
0 0.538672 0.513889 0.02421899999999999 0.061110999999999964
0 0.8382809999999999 0.479861 0.07656299999999998 0.07638900000000004
0 0.771094 0.46666700000000005 0.040625 0.04444400000000002
0 0.696875 0.4340280000000001 0.06875 0.08750000000000008
0 0.6300779999999999 0.45208300000000007 0.02421899999999999 0.02916699999999987
0 0.5621090000000001 0.488194 0.01171899999999999 0.03472200000000001
