3 0.357812 0.35763899999999993 0.01093700000000002 0.026388999999999996
3 0.385547 0.37708300000000006 0.019530999999999965 0.040277999999999994
3 0.44257799999999997 0.395139 0.02421899999999999 0.07361099999999997
3 0.275 0.3402780000000001 0.023437999999999938 0.04444400000000005
3 0.315625 0.363194 0.06562500000000004 0.08194400000000002
3 0.255078 0.346528 0.03984399999999999 0.04583300000000001
3 0.418359 0.353472 0.02734400000000008 0.05416699999999995
3 0.140625 0.40833300000000006 0.2375 0.297222
3 0.5410160000000002 0.59375 0.17578100000000002 0.5041670000000001
3 0.8699220000000001 0.261111 0.2601560000000001 0.519444
