1 0.5015625953674316 0.22430576748318143 0.0140625 0.023610687255859374
1 0.48984346389770506 0.33124978807237415 0.023437643051147462 0.054167090521918405
1 0.4925783634185791 0.12916622161865235 0.010156536102294922 0.013887998792860243
1 0.4953126907348633 0.08541687859429253 0.009375190734863282 0.012499576144748264
1 0.4890627384185791 0 0.02187509536743164 0.022222222222222223
1 0.4714846134185791 0 0.05234403610229492 0.05277688768174913
1 0.5007812976837158 0.3194453133477105 0.02187509536743164 0.07222217983669704
1 0.49921865463256837 0.8354168362087674 0.04687480926513672 0.08750042385525174
1 0.4898435115814209 1 0.04375009536743164 0.20416700575086805
1 0.4812501907348633 1 0.03125019073486328 0.05555555555555555
1 0.47617192268371583 1 0.10234346389770507 0.2750010172526042
1 0.40703110694885253 1 0.10000009536743164 0.21805504692925348
1 0.4132810592651367 1 0.07499980926513672 0.05555555555555555
1 0.4011721134185791 0.5916675143771701 0.26640615463256834 0.5777777353922526
