0 0.16562500000000005 0.415278 0.3234369999999999 0.255556
0 0.386328 0.385417 0.161719 0.18472200000000008
0 0.492969 0.449306 0.28593799999999997 0.25694400000000006
0 0.684375 0.4055560000000001 0.154688 0.15000000000000005
0 0.757422 0.3715280000000001 0.10390600000000001 0.13750000000000007
0 0.8269529999999999 0.352083 0.06171900000000008 0.0875
0 0.870312 0.340972 0.046875 0.06527800000000007
0 0.8992190000000001 0.338194 0.028125 0.05138900000000003
0 0.9273440000000001 0.345139 0.009375 0.026388999999999996
0 0.9675779999999999 0.354861 0.01640599999999992 0.04305599999999998
0 0.946875 0.322917 0.017188000000000158 0.026388999999999996
0 0.9839839999999999 0.340278 0.010156000000000099 0.02777799999999999
