2 0.56328125 0.3562506357828776 0.02499980926513672 0.02083375718858507
2 0.5609373092651367 0.38750042385525174 0.023437690734863282 0.01944359673394097
2 0.5624999523162841 0.4138880411783854 0.024999713897705077 0.022222222222222223
2 0.5621095657348633 0.46180619133843315 0.019531106948852538 0.037500423855251735
2 0.5656251907348633 0.4847217983669705 0.018749809265136717 0.016666666666666666
2 0.591796588897705 0.35972264607747395 0.02578110694885254 0.06388804117838541
2 0.5964844703674317 0.4159715864393446 0.032031011581420896 0.054167090521918405
2 0.5839846134185791 0.29236089918348523 0.02109375 0.04861153496636285
2 0.5675782203674317 0.6520835452609592 0.011718559265136718 0.015278201633029514
2 0.5703125 0.6166666666666667 0.023437690734863282 0.05833418104383681
2 0.5675781726837158 0.7055555555555556 0.03359365463256836 0.08888888888888889
2 0.53515625 0.9215271208021376 0.07499980926513672 0.15972268846299914
2 0.5582030296325684 1 0.07734375 0.19027735392252604
2 0.4628907203674316 0.04236085679796007 0.2851560115814209 0.826389397515191
2 0.5515626907348633 1 0.19531235694885254 0.15972266727023654
