1 0.9774739999999998 0.5597220000000002 0.04505200000000009 0.15092600000000012
1 0.051822999999999994 0.583565 0.071354 0.10601900000000015
1 0.227474 0.5435190000000001 0.040364999999999984 0.0749999999999999
1 0.32369800000000004 0.5280090000000001 0.025520999999999995 0.052315000000000056
1 0.38737 0.5215280000000001 0.018490000000000013 0.043981000000000055
1 0.4167969999999999 0.516898 0.016927000000000032 0.04861099999999997
1 0.44986999999999994 0.506713 0.015885000000000045 0.053240999999999976
1 0.49179699999999993 0.541667 0.023176999999999913 0.06296300000000012
1 0.552083 0.7016200000000001 0.06302100000000005 0.20138900000000004
1 0.616016 0.516898 0.015365000000000132 0.04675900000000002
1 0.634115 0.521991 0.015625 0.045833
1 0.6658849999999998 0.5287039999999998 0.018750000000000117 0.05463000000000001
1 0.722005 0.6097219999999999 0.05338499999999999 0.11759300000000013
1 0.7760420000000001 0.567824 0.02031300000000004 0.08379600000000001
1 0.8914059999999999 0.594676 0.059895999999999935 0.12731500000000007
1 0.54987 0.44745399999999996 0.038801999999999975 0.043981000000000006
1 0.523438 0.49768500000000004 0.038021000000000055 0.09444400000000007
