2 0.6523435592651368 0 0.2005205790201823 0.1351857785825376
2 0.4005207697550456 0 0.36354153951009116 0.3490737632468895
2 0.5481770197550456 0.18888888888888888 0.06927073796590169 0.07685151276765047
2 0.5626304626464844 0.013887998792860243 0.11276044845581054 0.08796265213577836
2 0.5230467478434245 0.28634310121889467 0.11015602747599283 0.10787025734230324
2 0.41341158548990886 0.9101849026150174 0.32317708333333334 0.3231484872323495
2 0.5335936228434245 0.6532409102828415 0.12552080154418946 0.1296301947699653
2 0.5585939407348632 0.571064927842882 0.1031248410542806 0.08564797860604745
2 0.6013023376464843 0.5043982611762152 0.052083587646484374 0.12175999394169561
2 0.6233072916666667 0.362268462004485 0.026822853088378906 0.06249954788773148
2 0.5859376271565755 0.13287110505280672 0.04895833333333333 0.04351817943431713
2 0.6069009145100911 0.11597157231083623 0.03776060740152995 0.028240006058304398
2 0.6216147104899089 0 0.05156269073486328 0.10509332727502893
2 0.6348959604899088 0.08356444747359665 0.033854103088378905 0.05046222828052662
2 0.6565105438232421 0.14652797557689526 0.038541920979817706 0.0893511171694155
