0 0.8679690000000001 0.4979170000000001 0.009374999999999823 0.023611000000000045
0 0.878516 0.5034719999999999 0.007030999999999921 0.020832999999999973
0 0.889062 0.49791700000000005 0.00625 0.020833000000000053
0 0.8957029999999999 0.4923610000000001 0.008593999999999902 0.023611000000000045
0 0.926172 0.48541699999999993 0.010156000000000099 0.023611000000000045
0 0.941406 0.4909719999999999 0.009375 0.020833000000000053
0 0.9910160000000001 0.44375 0.01796900000000008 0.10694399999999994
0 0.8257809999999999 0.409028 0.06875000000000017 0.19305599999999998
0 0.798828 0.521528 0.03046900000000008 0.034722000000000086
0 0.761328 0.5229170000000001 0.0289060000000001 0.026389000000000034
0 0.566406 0.5236109999999999 0.059374999999999914 0.08611099999999988
0 0.549609 0.5375 0.06171900000000008 0.08888899999999995
0 0.394531 0.525 0.12187499999999996 0.08888899999999995
0 0.607812 0.32152800000000004 0.134375 0.35138899999999995
0 0.48164099999999993 0.36180599999999996 0.12578099999999992 0.30694399999999994
0 0.164844 0.18819400000000003 0.328125 0.37638900000000003
