0 0.5503904342651367 1 0.11796860694885254 0.21805504692925348
0 0.5640625953674316 0.918750254313151 0.07968764305114746 0.34861161973741317
0 0.5796876907348633 0.7666666666666667 0.04062485694885254 0.20555555555555555
0 0.5980471134185791 1 0.03046894073486328 0.16388973659939235
0 0.4304687976837158 1 0.19374971389770507 0.3513883802625868
0 0.5097655773162841 0.5673617892795139 0.14140634536743163 0.5791662004258897
0 0.5429687976837159 0.24027735392252605 0.11093740463256836 0.3111111111111111
0 0.5644529342651368 0 0.060156059265136716 0.15416711171468098
0 0.5742185115814209 0 0.0421875 0.10555555555555556
0 0.57734375 0 0.032812309265136716 0.0652782228257921
0 0.5734377384185791 0 0.01562509536743164 0.020833778381347656
0 0.5871093273162842 0 0.013281154632568359 0.0305564456515842
0 0.5691408157348633 0 0.02109375 0.026389312744140626
