2 0.07460899999999997 0.491667 0.0289060000000001 0.027777999999999914
2 0.178906 0.4958330000000001 0.018750000000000176 0.044444000000000095
2 0.134375 0.493056 0.015625 0.025
2 0.03984399999999999 0.5125 0.007812000000000019 0.019444000000000017
2 0.02382799999999996 0.509722 0.00546900000000008 0.019444000000000017
2 0.22031299999999998 0.559722 0.03906199999999984 0.10000000000000007
2 0.10507799999999996 0.591667 0.05859400000000008 0.16944399999999993
2 0.16054700000000005 0.511111 0.03203099999999992 0.04166699999999995
2 0.301953 0.5326390000000001 0.0914060000000001 0.11527799999999999
2 0.75 0.502083 0.07968699999999992 0.05972200000000001
2 0.5308590000000001 0.692361 0.464844 0.5625
2 0.9285160000000001 0.696528 0.1414060000000001 0.22361100000000003
2 0.9183589999999999 0.478472 0.1617189999999999 0.11527799999999991
