0 0.4425783157348633 0.36666666666666664 0.04140625 0.08333333333333333
0 0.4578125 0.24930489857991536 0.05156269073486328 0.09861157735188802
0 0.4687497138977051 0.13819378746880426 0.060937356948852536 0.12916620042588975
0 0.5359375476837158 0.6083324856228298 0.24687509536743163 0.5972231123182509
0 0.46992201805114747 0.0673617680867513 0.02734365463256836 0.0263893551296658
0 0.5273436546325684 0.15277864668104385 0.07968769073486329 0.08611200120713976
0 0.5242189884185791 0.004860443539089627 0.07343778610229493 0.09583288828531901
0 0.5062499523162842 0 0.07187509536743164 0.08888888888888889
0 0.4816405773162842 0 0.05078134536743164 0.07500089009602864
0 0.49296875 0 0.0421875 0.09166577657063803
0 0.49140615463256837 0.9340284559461806 0.0531247615814209 0.08472179836697048
0 0.4921874523162842 0.8736106872558593 0.05312471389770508 0.05555555555555555
