0 0.5727863311767578 0.6733795166015625 0.21901048024495443 0.35046222828052664
0 0.39075517654418945 0 0.3440103530883789 0.48796262387876155
0 0.4830726941426595 0 0.07291685740152995 0.10416710465042679
0 0.5031252225240072 0.0715271137378834 0.08229147593180339 0.14120356241861978
0 0.5218750635782877 0.19189865677445023 0.05677086512247721 0.059722674334490744
0 0.55364564259847 0.41875022605613427 0.042708365122477214 0.04027732566550926
0 0.4263017972310384 0.8708337854456019 0.31718756357828776 0.28703635886863427
0 0.5067708015441894 1 0.11770814259847005 0.12314848723234954
0 0.5635416666666667 1 0.08802054723103842 0.07361065899884259
0 0.48567705154418944 1 0.1489583969116211 0.13333333333333333
