0 0.35585900000000004 0.502778 0.01484400000000008 0.025
0 0.29804699999999995 0.519444 0.007031000000000098 0.019444000000000017
0 0.274219 0.513889 0.006250000000000177 0.019444000000000017
0 0.20429699999999995 0.5277779999999999 0.013281000000000098 0.044443999999999935
0 0.4054689999999999 0.502778 0.03906199999999993 0.03888899999999996
0 0.40976599999999996 0.5208330000000001 0.0289060000000001 0.03888899999999996
0 0.149219 0.568056 0.03750000000000018 0.10555599999999998
0 0.55 0.668056 0.3265619999999999 0.46388900000000005
0 0.7238279999999999 0.502083 0.10390600000000001 0.09583300000000006
0 0.9867190000000001 0.544444 0.025 0.06111099999999989
0 0.815625 0.5159720000000001 0.06093699999999993 0.07361100000000004
0 0.9007809999999999 0.533333 0.1375 0.1666670000000001
0 0.9246089999999999 0.645833 0.1054689999999999 0.14999999999999986
0 0.814453 0.651389 0.105469 0.16944399999999993
