0 0.634766 0.363889 0.0210939999999999 0.04722199999999997
0 0.673047 0.386806 0.0539060000000001 0.09305600000000003
0 0.7238279999999999 0.40763900000000003 0.05078100000000001 0.10972200000000001
0 0.435937 0.540972 0.375 0.47916699999999995
0 0.605469 0.38263900000000006 0.01093699999999993 0.03472200000000001
0 0.620313 0.37986099999999995 0.00781199999999993 0.02916699999999987
0 0.754687 0.504861 0.078125 0.22361100000000003
0 0.916406 0.5520829999999999 0.109375 0.2874999999999999
0 0.164062 0.479167 0.07187499999999998 0.125
0 0.25781200000000004 0.4777779999999999 0.050000000000000044 0.13888899999999996
