3 0.49257799999999996 0.705556 0.18359399999999998 0.558333
3 0.6273440000000001 0.3791669999999999 0.009374999999999911 0.019444000000000017
3 0.572656 0.372222 0.01718799999999998 0.025
3 0.549609 0.369444 0.00859399999999999 0.02222199999999993
3 0.541797 0.3715280000000001 0.005468999999999902 0.023611000000000045
3 0.704297 0.456944 0.0335939999999999 0.13888900000000004
3 0.727344 0.38263900000000006 0.02343799999999998 0.05972199999999997
3 0.7523440000000001 0.365278 0.02812499999999991 0.019444000000000017
3 0.766016 0.3625 0.0226560000000001 0.019444000000000017
3 0.07578100000000002 0.363889 0.15 0.13333300000000006
3 0.229297 0.37361099999999997 0.10390600000000001 0.07777799999999999
3 0.352734 0.366667 0.08046900000000004 0.075
3 0.522656 0.3708330000000001 0.02656200000000002 0.036111000000000004
3 0.583594 0.352778 0.059374999999999914 0.03888899999999992
3 0.676172 0.354861 0.04765599999999992 0.04861099999999997
