0 0.09127599999999998 0.542361 0.04974 0.05138899999999993
0 0.19166699999999998 0.551157 0.039582999999999986 0.0958330000000001
0 0.284635 0.525926 0.03125 0.07407399999999997
0 0.355078 0.510417 0.02109399999999996 0.05879600000000001
0 0.42513 0.48402800000000007 0.06432300000000003 0.10879600000000002
0 0.571875 0.39861099999999994 0.08749999999999994 0.12592599999999998
0 0.530729 0.61412 0.25156300000000004 0.37453700000000006
0 0.7852859999999999 0.469676 0.05338499999999999 0.08101899999999994
0 0.676172 0.494907 0.018489999999999895 0.04259300000000003
0 0.7140629999999999 0.529167 0.029166999999999988 0.08240699999999998
0 0.8625 0.665509 0.10885400000000006 0.343056
0 0.9334640000000001 0.7652780000000001 0.13307300000000002 0.469444
