2 0.9148440000000001 0.4909720000000001 0.015625 0.026389000000000114
2 0.8910160000000001 0.510417 0.03203099999999992 0.04305599999999998
2 0.740625 0.531944 0.09843699999999984 0.11666700000000002
2 0.242188 0.49861099999999997 0.08593799999999999 0.058332999999999975
2 0.46601599999999993 0.694444 0.494531 0.5666669999999999
2 0.739844 0.568056 0.034375000000000086 0.08888899999999995
2 0.8503910000000001 0.5666670000000001 0.036718999999999904 0.08055600000000006
2 0.957422 0.584722 0.02734400000000008 0.09166699999999994
2 0.9847660000000001 0.6284720000000001 0.03046900000000008 0.11527799999999999
2 0.161719 0.70625 0.134375 0.20694400000000002
2 0.075391 0.46944400000000003 0.14921899999999996 0.13611100000000004
