2 0.405078125 0.43333333333333335 0.07890639305114747 0.08333333333333333
2 0.45937514305114746 0.6986115349663629 0.03437490463256836 0.05
2 0.4746092796325684 0.5812497880723742 0.02578105926513672 0.03194486829969618
2 0.4835935592651367 0.519445334540473 0.0140625 0.019443511962890625
2 0.46054682731628416 0.31249955495198567 0.03359365463256836 0.036112001207139754
2 0.46249980926513673 0.3583324432373047 0.02499980926513672 0.03611204359266493
2 0.49375009536743164 0 0.05156269073486328 0.14861155615912544
2 0.489453125 0.09305600060356987 0.03203105926513672 0.09166577657063803
2 0.5085938930511474 0.20902756585015192 0.05000009536743164 0.0958329094780816
2 0.5113281726837158 0 0.03359365463256836 0.14444444444444443
2 0.5015626430511475 0.2993048985799154 0.020312404632568358 0.043056021796332465
2 0.5191407203674316 1 0.024218988418579102 0.08333333333333333
