0 0.121875 0.500694 0.08281200000000001 0.09027800000000007
0 0.263672 0.490278 0.05234399999999999 0.061110999999999964
0 0.333984 0.5277780000000001 0.05546899999999999 0.09166700000000003
0 0.381641 0.514583 0.021093999999999946 0.040277999999999994
0 0.394141 0.44236099999999995 0.021094000000000078 0.05972200000000001
0 0.427344 0.45069400000000004 0.021875 0.05138899999999988
0 0.465625 0.36041699999999993 0.04531200000000002 0.12916700000000003
0 0.601172 0.4395829999999999 0.0210939999999999 0.0569440000000001
0 0.539062 0.467361 0.015625 0.04305599999999998
0 0.508984 0.48194400000000004 0.010156000000000099 0.02499999999999992
