0 0.47890625 0.17777777777777778 0.021875 0.03888888888888889
0 0.4746093273162842 0.1909724341498481 0.022656345367431642 0.040277353922526044
0 0.4722653865814209 0.22708267635769314 0.024219036102294922 0.05138842264811198
0 0.47304668426513674 0.2722222222222222 0.019531106948852538 0.04166751437717014
0 0.43242177963256834 0.009722667270236546 0.1101560115814209 0.3361102210150825
0 0.4777345657348633 0 0.03046894073486328 0.045832888285319014
0 0.47890625 0 0.0203125 0.04027733272976346
0 0.47382802963256837 0 0.0460935115814209 0.05277688768174913
0 0.38632831573486326 0.7527786254882812 0.3351560592651367 1.2694453769259983
0 0.33632824420928953 0 0.13359370231628417 0.13194488949245878
0 0.4003908157348633 0 0.08203105926513672 0.05555555555555555
0 0.3656249284744263 0 0.10312476158142089 0.10555555555555556
0 0.39921858310699465 0 0.06249995231628418 0.0763893551296658
