0 0.5496091365814209 0 0.013281154632568359 0.012499660915798612
0 0.5441405296325683 0 0.016406440734863283 0.016666666666666666
0 0.5472657680511475 0 0.013281154632568359 0.015278116861979166
0 0.5433591842651367 0 0.01796855926513672 0.01944359673394097
0 0.5449218273162841 0 0.01484384536743164 0.013887871636284722
0 0.5417971134185791 0 0.01953115463256836 0.01944359673394097
0 0.5488283634185791 0 0.010156536102294922 0.011111111111111112
0 0.5199220657348633 0 0.03984355926513672 0.0513885498046875
0 0.5582030296325684 0 0.010156488418579102 0.026389312744140626
0 0.5621095657348633 0.02916624281141493 0.02109375 0.05555555555555555
0 0.5578125953674317 0.07013867696126302 0.023437690734863282 0.07916624281141493
0 0.5558596134185791 0.1388888888888889 0.017968463897705077 0.06388804117838541
0 0.3632810115814209 0.7361102316114637 0.2890625953674316 0.6916657553778754
