1 0.2546880000000001 0.38958300000000007 0.014063000000000025 0.03749999999999992
1 0.273047 0.384722 0.014843999999999991 0.038888999999999875
1 0.33593799999999996 0.404861 0.021874999999999957 0.0625
1 0.489844 0.4527779999999999 0.05625 0.13333299999999998
1 0.158203 0.359722 0.030469000000000013 0.04722199999999997
1 0.147266 0.363194 0.02421899999999999 0.045833000000000054
1 0.209375 0.384028 0.067187 0.08194400000000002
1 0.31328100000000003 0.369444 0.026561999999999975 0.058332999999999975
1 0.409766 0.565278 0.14921899999999994 0.44166700000000003
1 0.082031 0.417361 0.1625 0.2680560000000001
