1 0.5151042302449544 1 0.10416653951009115 0.15
1 0.5251302719116211 0.9891199182581019 0.04973961512247722 0.052314701786747686
1 0.5044268925984701 0.8900462397822627 0.02499977747599284 0.0754630759910301
1 0.5321615219116211 0.2960640236183449 0.08880186080932617 0.5708337854456018
1 0.46549453735351565 1 0.03411448796590169 0.035185750325520834
1 0.4684893290201823 1 0.029166762034098306 0.029630194769965278
1 0.4878904978434245 0.9245368674949364 0.03880182902018229 0.06851908365885416
1 0.4759115219116211 0.9789350721571181 0.054947821299235027 0.1347217701099537
1 0.47968756357828773 0.7743057816116898 0.05989557902018229 0.16712895146122686
1 0.3921873410542806 0.280323565447772 0.28906256357828775 0.8393510606553819
