0 0.5128908157348633 1 0.06744766235351562 0.05787022908528646
0 0.415234629313151 0 0.010156504313151042 0.011573282877604167
0 0.42148456573486326 0 0.011197662353515625 0.015740514684606483
0 0.4339844385782878 0 0.015364710489908855 0.014351964879918981
0 0.4361978848775228 0 0.01718769073486328 0.013425812897858797
0 0.4119794527689616 0.23055465133101852 0.07239602406819662 0.18240718135127315
0 0.41888017654418946 0.08703647189670138 0.048177019755045576 0.09444444444444444
0 0.40716164906819663 0.003935976381655093 0.04088528951009115 0.07083378544560186
0 0.630078109105428 1 0.27630224227905276 0.29675910384566695
0 0.5287758032480876 0.2722222222222222 0.13723936080932617 0.15462940357349536
0 0.4914061228434245 0.10763911494502315 0.0984375 0.10601784035011574
0 0.5839846134185791 0 0.2455728848775228 0.24120347764756944
0 0.5289062976837158 0 0.11822907129923503 0.11435196487991899
