2 0.01862 0.543287 0.03671900000000001 0.06990699999999997
2 0.18281200000000003 0.5618059999999999 0.06666699999999996 0.08286999999999999
2 0.227474 0.52662 0.04921900000000002 0.06435200000000005
2 0.257292 0.5189809999999999 0.03385400000000001 0.052777999999999964
2 0.290885 0.545833 0.041145999999999995 0.07592599999999992
2 0.359635 0.5337960000000002 0.028645999999999935 0.05185199999999994
2 0.4376300000000001 0.534259 0.016927000000000032 0.04536999999999988
2 0.6446609999999999 0.609259 0.029427000000000092 0.08425900000000013
2 0.7207030000000001 0.602546 0.029427000000000092 0.08472199999999994
2 0.681901 0.6372690000000001 0.03984400000000008 0.11527799999999996
2 0.9697920000000001 0.634722 0.060416999999999985 0.11944400000000006
2 0.6381510000000001 0.501389 0.04557300000000015 0.10463000000000001
2 0.608464 0.505093 0.01953099999999992 0.04536999999999999
