0 0.45546855926513674 0 0.015625143051147462 0.013887998792860243
0 0.4601564407348633 0 0.018749809265136717 0.019443554348415798
0 0.4589841842651367 0 0.016406440734863283 0.020833778381347656
0 0.454296875 0 0.01328125 0.016666666666666666
0 0.4589841842651367 0 0.016406440734863283 0.018055110507541234
0 0.45351557731628417 0 0.010156536102294922 0.009722667270236546
0 0.4757810115814209 0 0.05468740463256836 0.06249955495198568
0 0.43984403610229494 0.05833422342936198 0.01874985694885254 0.05555555555555555
0 0.4425783157348633 0.0979164547390408 0.019531106948852538 0.07638931274414062
0 0.44492168426513673 0.16875021192762588 0.01796855926513672 0.06527820163302951
0 0.44570302963256836 0.8701387193467882 0.07734375 0.21805513170030383
0 0.4199219703674316 1 0.03515625 0.1680551317003038
0 0.63359375 0.5708337571885851 0.2953125 0.5333333333333333
