0 0.544531 0.524306 0.376563 0.6013889999999998
0 0.385547 0.340278 0.06328100000000006 0.058332999999999975
0 0.12265600000000002 0.399306 0.24375 0.20694399999999993
0 0.70625 0.333333 0.04843799999999998 0.055556000000000064
0 0.7960939999999999 0.296528 0.02499999999999991 0.03194399999999998
0 0.786328 0.365972 0.0179689999999999 0.05138900000000003
0 0.8136720000000001 0.34375 0.011718999999999901 0.029166999999999946
0 0.8371089999999999 0.37152799999999997 0.019531000000000097 0.05694399999999998
0 0.8625 0.355556 0.014062999999999982 0.03888899999999992
0 0.8992190000000001 0.348611 0.014062999999999982 0.03888899999999996
0 0.982422 0.373611 0.02734400000000008 0.06944400000000006
