0 0.5980469999999999 0.459491 0.06900999999999999 0.09861100000000002
0 0.5786460000000001 0.534028 0.04166699999999999 0.11435200000000005
0 0.644401 0.537037 0.13515599999999992 0.21296299999999996
0 0.409505 0.562731 0.02109399999999996 0.061573999999999976
0 0.44635400000000003 0.5865739999999999 0.033854000000000065 0.0833330000000001
0 0.494792 0.68287 0.06041699999999993 0.18055599999999994
0 0.34466100000000005 0.624769 0.04140600000000004 0.11713000000000001
0 0.21992199999999992 0.734491 0.15390600000000015 0.36805599999999994
0 0.728516 0.575694 0.037760000000000106 0.0874999999999999
0 0.7501300000000001 0.543981 0.018490000000000013 0.07685199999999984
0 0.8845050000000001 0.582407 0.06744799999999991 0.14814799999999995
0 0.8458330000000001 0.5773149999999999 0.01875 0.07685199999999995
