2 0.816016 0.387037 0.017447999999999908 0.041667
2 0.849089 0.416667 0.08880200000000009 0.08981499999999995
2 0.929167 0.483796 0.057813000000000156 0.14722199999999994
2 0.971484 0.40162 0.05703100000000004 0.08286999999999999
2 0.517969 0.42754600000000004 0.031770999999999994 0.06713000000000006
2 0.149219 0.511806 0.042187999999999996 0.11805599999999998
2 0.051042000000000004 0.45324099999999995 0.05833300000000001 0.12222200000000008
2 0.454167 0.583102 0.090625 0.32638900000000004
2 0.64388 0.691435 0.16276 0.5763890000000002
2 0.88138 0.36643500000000007 0.009635000000000105 0.027315000000000006
2 0.696875 0.32314799999999994 0.0864579999999999 0.11018499999999999
2 0.766276 0.32824099999999995 0.05859400000000008 0.07499999999999994
2 0.8125 0.309259 0.038542000000000104 0.068519
