3 0.8277339999999999 0.545139 0.030468999999999902 0.026388999999999958
3 0.729687 0.541667 0.01718799999999998 0.04444400000000002
3 0.6027340000000001 0.532639 0.01171899999999999 0.029166999999999946
3 0.41445299999999996 0.45208300000000007 0.0289060000000001 0.10694400000000001
3 0.473437 0.322917 0.10156200000000001 0.37638899999999986
3 0.383984 0.563194 0.03515600000000001 0.020832999999999973
3 0.36484399999999995 0.5333330000000001 0.043749999999999914 0.05277799999999999
3 0.3375 0.561111 0.02656199999999993 0.011110999999999965
3 0.903125 0.37430599999999997 0.19218800000000016 0.5902780000000001
3 0.6082029999999999 0.572917 0.06640599999999992 0.08194400000000002
