0 0.775 0.489583 0.009374999999999911 0.026389000000000034
0 0.785156 0.48402800000000007 0.006250000000000089 0.023611000000000045
0 0.8027339999999998 0.4909720000000001 0.010156000000000099 0.026389000000000114
0 0.8121089999999999 0.48402800000000007 0.007031000000000098 0.020832999999999973
0 0.8339839999999998 0.49375 0.010156000000000099 0.029166999999999946
0 0.848047 0.49236099999999994 0.010156000000000099 0.023610999999999965
0 0.904297 0.536806 0.03515599999999992 0.10138899999999995
0 0.7277340000000001 0.45208300000000007 0.02421899999999999 0.020832999999999973
0 0.750391 0.46388899999999994 0.01484400000000008 0.019444000000000017
0 0.664844 0.467361 0.02343799999999998 0.026389000000000034
0 0.454688 0.47083300000000006 0.11093699999999998 0.09166700000000003
0 0.5066409999999999 0.46875 0.03984399999999999 0.056944000000000015
0 0.397656 0.475694 0.025 0.06805599999999998
0 0.157422 0.47638900000000006 0.20078100000000002 0.12222199999999993
0 0.708984 0.61875 0.0914060000000001 0.2569440000000001
0 0.309766 0.7569440000000001 0.288281 0.48611100000000007
