0 0.5421875 0 0.0140625 0.011111132303873698
0 0.5382815361022949 0 0.01874985694885254 0.019443554348415798
0 0.5382814884185791 0 0.01562509536743164 0.0152782228257921
0 0.5433591842651367 0 0.01328125 0.0152782228257921
0 0.5375001907348633 0 0.0140625 0.016666666666666666
0 0.5449217796325684 0 0.011718559265136718 0.013887998792860243
0 0.5140625 0 0.040624809265136716 0.05
0 0.5582029819488525 0.08055466545952691 0.01953115463256836 0.05
0 0.5539060592651367 0.19930489857991537 0.01718769073486328 0.04583286709255642
0 0.5554687023162842 0.129861323038737 0.020312404632568358 0.07083375718858508
0 0.5515626907348633 0.8027769300672744 0.07656245231628418 0.2972212897406684
0 0.5855466842651367 1 0.04296879768371582 0.15694393581814237
0 0.3691405773162842 0.4493048773871528 0.3007811546325684 0.40972268846299914
0 0.38203136920928954 1 0.31093764305114746 0.4875003390842014
