0 0.860938 0.4027780000000001 0.090625 0.136111
0 0.769141 0.4465280000000001 0.16328099999999993 0.17361100000000004
0 0.664844 0.39375 0.10781299999999998 0.07638900000000004
0 0.418359 0.39375 0.13046900000000008 0.10138900000000008
0 0.514844 0.588889 0.46875 0.4694439999999999
0 0.099609 0.51875 0.197656 0.304167
0 0.1375 0.44375 0.27343799999999996 0.17916700000000008
0 0.325 0.415278 0.13750000000000004 0.08888900000000004
0 0.258984 0.42013900000000004 0.02734399999999999 0.029167000000000026
0 0.902344 0.448611 0.02031299999999998 0.08055599999999999
0 0.9464840000000001 0.552778 0.07734400000000008 0.1777779999999999
0 0.9894529999999999 0.446528 0.01640599999999992 0.07083300000000005
