2 0.4583333969116211 0.9453707094545718 0.016145992279052734 0.019443540219907407
2 0.4509112040201823 0.9805546513310185 0.024218972524007162 0.035185750325520834
2 0.4417970021565755 1 0.03046894073486328 0.04027732566550926
2 0.39127607345581056 1 0.07734375 0.0981475830078125
2 0.45807291666666666 1 0.029166762034098306 0.04583288122106482
2 0.46575501759847004 0.8863431012188947 0.03828147252400716 0.0634258128978588
2 0.46236985524495444 0.8530097678855614 0.04713525772094727 0.09768529821325231
2 0.38138001759847007 0 0.09869794845581055 0.263425784640842
2 0.48007793426513673 1 0.05234400431315104 0.0662044949001736
2 0.5196616172790527 0.23819376627604166 0.5226564407348633 1.1328710485387732
