2 0.5470050000000001 0.49143499999999996 0.1856770000000001 0.347685
2 0.7420570000000001 0.48611099999999985 0.03671899999999996 0.08055600000000003
2 0.780339 0.4092590000000001 0.02578100000000004 0.06574100000000008
2 0.82487 0.427778 0.020051999999999973 0.04536999999999988
2 0.841016 0.45046299999999995 0.008073000000000026 0.029630000000000014
2 0.8524739999999998 0.437963 0.015365000000000014 0.04351900000000005
2 0.863932 0.442361 0.009635000000000105 0.033796000000000014
2 0.909115 0.44444399999999995 0.026041999999999867 0.05740699999999998
2 0.6723960000000001 0.18842599999999998 0.15364599999999992 0.37685199999999996
2 0.79388 0.48518500000000003 0.020572999999999907 0.03796300000000001
2 0.705208 0.46111100000000005 0.06197900000000007 0.0870370000000001
2 0.283203 0.427546 0.0210939999999999 0.03657400000000008
2 0.39921899999999994 0.47199100000000005 0.12031299999999998 0.10601899999999995
2 0.069661 0.526389 0.13880200000000004 0.686111
