2 0.41770850817362465 0.6259253325285735 0.11614554723103841 0.1342595418294271
2 0.3563802401224772 0.3289351286711516 0.08411451975504557 0.21712883843315972
2 0.3973960558573405 0.01805510344328704 0.1463541030883789 0.28148080331307873
2 0.3942708015441895 0 0.20833314259847005 0.30833242910879627
2 0.48411444028218586 0 0.23697900772094727 0.37314848723234956
2 0.3970051129659017 0.8259253325285735 0.08151022593180339 0.08796268039279515
2 0.36718756357828775 0.9557866838243273 0.09583307902018229 0.08750042385525174
2 0.34687512715657554 0.7298613371672453 0.046353912353515624 0.05416711877893519
2 0.33346341451009115 1 0.11276041666666667 0.19537066706904657
2 0.38085915247599283 1 0.1497397740681966 0.20416711877893517
2 0.49987006187438965 1 0.34661474227905276 0.2393511171694155
2 0.30572938919067383 0.9053244272867839 0.029166730244954427 0.056944020589192706
2 0.28294251759847006 0.8324070965802228 0.04088528951009115 0.08425954182942709
