2 0.5828123807907104 0.7222222222222222 0.09375014305114746 0.3
2 0.5753907442092896 1 0.10546879768371582 0.2486114501953125
2 0.5687498807907104 1 0.0531247615814209 0.0583343505859375
2 0.5683595180511475 0.9340284559461806 0.06484384536743164 0.11527820163302951
2 0.6109373807907105 0 0.1234372615814209 0.21249957614474826
2 0.5582029819488525 0.8270826551649305 0.03671884536743164 0.07916624281141493
2 0.5484374523162842 1 0.04062490463256836 0.1013883802625868
2 0.580469012260437 1 0.03281235694885254 0.03472188313802083
2 0.5863280177116394 1 0.03515622615814209 0.0402772691514757
2 0.5609373092651367 1 0.021875 0.03611195882161458
2 0.5585939407348632 0.8729173448350694 0.0203125 0.040277353922526044
2 0.5667968988418579 0.1694453133477105 0.26796879768371584 0.8555555555555555
