0 0.5003903865814209 1 0.01484384536743164 0.01805504692925347
0 0.5027342796325683 1 0.011718559265136718 0.012499660915798612
0 0.49960966110229493 1 0.01171860694885254 0.011111111111111112
0 0.49765605926513673 1 0.0140625 0.016666666666666666
0 0.5027342796325683 1 0.011718559265136718 0.011111111111111112
0 0.4941404342651367 1 0.01484375 0.01944359673394097
0 0.4960939884185791 1 0.01249990463256836 0.016666666666666666
0 0.4695310592651367 1 0.0625 0.052776930067274304
0 0.4441403865814209 1 0.11328134536743165 0.13472171359592014
0 0.5140625 1 0.018749809265136717 0.04861153496636285
0 0.5136721134185791 0.9375004238552518 0.01484384536743164 0.03888888888888889
0 0.5117185592651368 0.610416030883789 0.05 0.1680551317003038
0 0.5117185592651368 0.5173617468939887 0.034375 0.04861153496636285
0 0.5132811546325684 0.6944444444444444 0.028125 0.05833418104383681
0 0.510546875 0.23819380866156684 0.05390605926513672 0.2624995761447483
0 0.38476569652557374 0.6145831214057075 0.22578129768371583 0.2680551317003038
0 0.40312509536743163 0.26458312140570744 0.2156247615814209 0.2958329094780816
