1 0.54127623240153 0.8113421969943576 0.03515625 0.038426717122395836
1 0.5127602895100911 0.7430560076678241 0.052083555857340494 0.05833423755787037
1 0.4225262959798177 0.9398150973849826 0.13463551203409832 0.17036980523003473
1 0.5416666030883789 1 0.04218746821085612 0.06574040165653935
1 0.4253905614217122 0.5597226743344907 0.22942692438761395 0.22592530427155672
1 0.5274741808573405 0.13564800686306425 0.04140618642171224 0.032407124837239586
1 0.5315106709798177 0.03819378040455006 0.02968762715657552 0.1023146735297309
1 0.5585939407348632 0.684259541829427 0.02499974568684896 0.05462929054542824
1 0.5651042938232422 0.7011573508933738 0.022916857401529947 0.04398227267795139
1 0.5608074188232421 0.5939822161639178 0.016406440734863283 0.035185750325520834
1 0.5274742126464844 0.35972267433449073 0.18984378178914388 0.33055645978009257
1 0.5369792938232422 0.18541689272280093 0.07708330154418945 0.08564803512008101
1 0.5101565043131511 0 0.14947929382324218 0.3574080008047598
