0 0.5386719999999999 0.38958300000000007 0.0820310000000001 0.07638900000000011
0 0.03242200000000004 0.427778 0.06328099999999992 0.06388900000000003
0 0.12851599999999994 0.35694400000000004 0.08671900000000007 0.1333329999999999
0 0.41054700000000005 0.364583 0.06796899999999999 0.11805599999999998
0 0.365625 0.35277800000000004 0.0640620000000001 0.15833300000000014
0 0.9117190000000001 0.30000000000000004 0.175 0.26111100000000004
0 0.6898440000000001 0.282639 0.3593750000000001 0.3152779999999999
0 0.241406 0.334722 0.235937 0.28055599999999997
0 0.063281 0.3263890000000001 0.02187500000000018 0.07777799999999983
0 0.03085899999999997 0.30347199999999996 0.0335939999999999 0.09583299999999997
0 0.45546900000000007 0.13611099999999995 0.2375000000000001 0.2722219999999999
