0 0.38723955154418943 0.4851858068395544 0.14843756357828777 0.3231484872323495
0 0.4989582697550456 0.9372693097149885 0.0718751589457194 0.06064882631655093
0 0.474088446299235 0.8409724482783565 0.1252603530883789 0.15879652235243055
0 0.4651041984558105 0.7240746957284433 0.06093730926513672 0.09537070945457175
0 0.40442733764648436 0.27060267130533855 0.04895830154418945 0.061573339391637734
0 0.3753904978434245 0 0.06484387715657552 0.07638934100115741
0 0.3739583651224772 0 0.06093730926513672 0.08796268039279515
0 0.3376304308573405 1 0.12109387715657552 0.14490672923900463
0 0.35664068857828773 0.8956017388237847 0.09713528951009115 0.1152782298900463
0 0.3740882873535156 0.8222222222222222 0.0763019879659017 0.0768516257957176
