1 0.48750009536743166 1 0.0390622615814209 0.04166768391927083
1 0.47890625 1 0.0484375 0.05277676052517361
1 0.46210947036743166 1 0.06796855926513672 0.052776930067274304
1 0.4187502384185791 1 0.10000009536743164 0.11944351196289063
1 0.5093751907348633 1 0.06874985694885254 0.12916615804036458
1 0.5261720180511474 0.8541670905219184 0.01953115463256836 0.10555555555555556
1 0.49179706573486326 0.9152782016330295 0.07265644073486328 0.1805547078450521
1 0.49140615463256837 0.3395839903089735 0.0671872615814209 0.1847217559814453
1 0.48750009536743166 0.47916624281141496 0.09531226158142089 0.23611026340060765
1 0.4570312023162842 0.7041670905219184 0.13749973773956298 0.3916658189561632
1 0.4656250476837158 0.028472879197862414 0.16718738079071044 0.6124995337592231
