0 0.4972656726837158 0.24444444444444444 0.013281154632568359 0.02500084771050347
0 0.4992187023162842 0.1979164547390408 0.01249990463256836 0.040277353922526044
0 0.4980469703674316 0.32708267635769317 0.02109375 0.07083379957411025
0 0.4882814407348633 0.13541687859429252 0.010937309265136719 0.012499576144748264
0 0.49062480926513674 0.0937493430243598 0.010937309265136719 0.01249953375922309
0 0.4882814407348633 0.3305546654595269 0.0203125 0.05277684529622396
0 0.4062498092651367 0.5847217983669705 0.2609375476837158 0.5916675567626953
0 0.48007793426513673 0 0.02734375 0.031944889492458765
0 0.4519529342651367 0 0.06796855926513672 0.08055466545952691
0 0.5023439407348633 0.9548604329427083 0.05781264305114746 0.30138846503363714
0 0.48203153610229493 1 0.03750014305114746 0.12361060248480903
0 0.48281221389770507 1 0.09375014305114746 0.25833426581488717
0 0.43203144073486327 1 0.0781250238418579 0.15277862548828125
0 0.4238279342651367 0.9187501695421006 0.08984365463256835 0.1430559794108073
