1 0.6235677401224772 1 0.3153645197550456 0.23425959834346063
1 0.5049477418263754 1 0.09687490463256836 0.07963019476996527
1 0.4352866172790527 1 0.03567714691162109 0.08935106065538194
1 0.4514320691426595 1 0.04036439259847005 0.04675914623119213
1 0.576953379313151 1 0.22630221048990887 0.2898151538990162
1 0.503515609105428 1 0.10078147252400717 0.07824006257233797
1 0.6088544209798177 0.7219910798249422 0.34479166666666666 0.35046222828052664
1 0.5634111722310384 0.5247680098922164 0.23098951975504559 0.2050933837890625
1 0.48723967870076496 0.43541689272280093 0.07968769073486329 0.056943992332175924
1 0.37500012715657555 0.25740800080475984 0.11041653951009114 0.22036974871600115
1 0.4600259304046631 0.2525457876699942 0.14244807561238607 0.25972267433449076
1 0.5066408475240072 0 0.5492188135782877 0.6148142496744792
