0 0.5160155296325684 0.6124995761447483 0.05390605926513672 0.08888888888888889
0 0.5058595657348632 0.6923608991834852 0.06328125 0.14027735392252605
0 0.4414060592651367 0.23402843475341797 0.24687504768371582 0.6124995337592231
0 0.538671875 0.11597155465020073 0.07890644073486328 0.32916622161865233
0 0.521484088897705 0.5437493642171224 0.01171860694885254 0.012499576144748264
0 0.4546872615814209 0.6958329094780816 0.07343778610229493 0.07777777777777778
0 0.4652341365814209 0.7909723917643229 0.06328125 0.07638931274414062
0 0.47109365463256836 0.8958329094780816 0.05156269073486328 0.06666666666666667
0 0.4996096134185791 1 0.04921875 0.1472212897406684
0 0.3445312023162842 1 0.25156240463256835 0.25694410536024304
