0 0.8738279999999999 0.516667 0.010156000000000099 0.030556000000000062
0 0.861328 0.5034720000000001 0.008594000000000079 0.020833000000000053
0 0.8449220000000001 0.507639 0.008593999999999902 0.026389000000000034
0 0.8289059999999999 0.502778 0.006250000000000177 0.025
0 0.8957029999999999 0.511111 0.008593999999999902 0.02777799999999999
0 0.800391 0.570139 0.03359399999999999 0.07916699999999995
0 0.941797 0.563194 0.03828099999999992 0.10694399999999994
0 0.7875 0.475694 0.01875 0.029167000000000106
0 0.764844 0.479861 0.03125 0.029166999999999946
0 0.49882799999999994 0.475694 0.066406 0.06250000000000008
0 0.316406 0.458333 0.259375 0.15
0 0.732812 0.665278 0.07031199999999985 0.1888890000000001
0 0.6742190000000001 0.575694 0.05312500000000009 0.1875
0 0.5535159999999999 0.817361 0.19921899999999998 0.35972200000000015
