0 0.10195299999999996 0.43402799999999997 0.09921900000000008 0.16527799999999995
0 0.20976600000000004 0.39166699999999993 0.0804689999999999 0.03888899999999996
0 0.17968799999999993 0.480556 0.14843800000000007 0.19166700000000012
0 0.332422 0.380556 0.11953100000000001 0.019444000000000017
0 0.37929699999999994 0.585417 0.3851560000000001 0.4097219999999999
0 0.553125 0.475694 0.19843699999999992 0.23472199999999993
0 0.8738279999999999 0.51875 0.2507809999999999 0.39305600000000007
0 0.664453 0.45416699999999993 0.04296899999999999 0.055556000000000064
0 0.748047 0.457639 0.04765600000000001 0.05416699999999995
0 0.7121090000000001 0.45416699999999993 0.03515600000000001 0.05000000000000008
0 0.020703000000000048 0.634028 0.041406000000000096 0.21527800000000008
0 0.04843799999999998 0.4875 0.02343800000000016 0.09166700000000011
