2 0.10781200000000002 0.51875 0.010416999999999987 0.029166999999999894
2 0.08932300000000003 0.51875 0.010416999999999869 0.029166999999999894
2 0.07447899999999995 0.533102 0.019271000000000052 0.04675900000000002
2 0.12109400000000002 0.540741 0.018750000000000117 0.047222000000000035
2 0.03945299999999996 0.584491 0.03567699999999997 0.09398100000000016
2 0.376693 0.519907 0.04609400000000008 0.060185000000000044
2 0.267448 0.528704 0.06875 0.08611100000000008
2 0.4548179999999999 0.568981 0.16484399999999996 0.175
2 0.15612 0.486343 0.027865000000000015 0.06527800000000007
2 0.20013 0.47314800000000007 0.06796899999999996 0.13518500000000006
2 0.274089 0.4673610000000001 0.08307300000000002 0.152315
