0 0.870313 0.504861 0.009375 0.026388999999999958
0 0.8804690000000001 0.501389 0.006250000000000177 0.02222199999999993
0 0.8964839999999998 0.5104169999999999 0.008593999999999902 0.023611000000000045
0 0.926562 0.521528 0.009375 0.02361100000000012
0 0.9429690000000001 0.514583 0.007812000000000019 0.020833000000000133
0 0.9914059999999999 0.563194 0.01718799999999998 0.11250000000000007
0 0.8019529999999999 0.48125 0.03046899999999999 0.031944000000000014
0 0.765234 0.479861 0.0242189999999999 0.026389000000000034
0 0.5160160000000001 0.43958300000000006 0.07578100000000002 0.040277999999999994
0 0.588672 0.477083 0.0648439999999999 0.07361099999999997
0 0.430469 0.47638900000000006 0.109375 0.08333299999999998
0 0.267188 0.45 0.071875 0.04166700000000002
0 0.8285160000000001 0.589583 0.066406 0.17361099999999996
0 0.629297 0.6576389999999999 0.11640600000000001 0.32361099999999987
0 0.551172 0.604861 0.09453099999999992 0.2625
0 0.332422 0.799306 0.357031 0.40138900000000005
0 0.12890600000000002 0.7777779999999999 0.25625 0.4444440000000001
