1 0.49947913487752277 0.4259253325285735 0.10625006357828776 0.18703641538266783
1 0.5203124364217122 0.7513884367766204 0.20000025431315105 0.22592524775752315
1 0.5611977895100911 0.8937493218315973 0.11145826975504557 0.0884266040943287
1 0.32786429723103844 0.8280088636610243 0.14687493642171223 0.14953782823350695
1 0.37760391235351565 0.9520835593894675 0.1166664441426595 0.09861156322337963
1 0.30846366882324217 1 0.16848958333333333 0.22083378544560187
1 0.39427083333333335 1 0.1302080472310384 0.08333333333333333
1 0.3889321327209473 0 0.07421849568684896 0.08657421535915799
1 0.38489564259847003 0 0.07135426203409831 0.07870398627387153
1 0.37187487284342446 0.2872693379720052 0.25520849227905273 0.5282400060583043
