1 0.5582030296325684 0.33124978807237415 0.016406440734863283 0.02083375718858507
1 0.5593752384185791 0.30069510142008465 0.01562509536743164 0.015278244018554687
1 0.45546855926513674 1 0.12187519073486328 0.15416700575086806
1 0.5054686546325684 1 0.0671872615814209 0.11805504692925348
1 0.4757810115814209 0.05694399939643012 0.08593759536743165 0.10277866787380642
1 0.4511716365814209 0 0.11015608310699462 0.15416711171468098
1 0.5585939407348632 0.20069510142008465 0.05 0.09583286709255642
1 0.5464844226837158 0.09652798970540365 0.06171865463256836 0.11805513170030382
1 0.471875 0.6173617468939887 0.2703127384185791 0.6708337571885851
1 0.5722654819488525 0.26388975779215496 0.02890634536743164 0.05277688768174913
