1 0.5285153865814209 0.16041603088378906 0.02109375 0.037500423855251735
1 0.532030987739563 0.17361068725585938 0.01874985694885254 0.03055640326605903
1 0.5324219226837158 0.20555555555555555 0.017968463897705077 0.044444444444444446
1 0.5671872496604919 0 0.09218757152557373 0.3152782016330295
1 0.5312502384185791 0 0.031250286102294925 0.047221204969618055
1 0.601953101158142 0 0.0742185115814209 0.04166768391927083
1 0.6042970657348633 0 0.06171865463256836 0.06388804117838541
1 0.6351563692092895 0 0.09531226158142089 0.1013883802625868
1 0.6691403865814209 0 0.11484394073486329 0.1541670905219184
1 0.6191408634185791 0.6215271208021376 0.3242188453674316 1.1291662004258898
1 0.5984375 1 0.14531230926513672 0.29861157735188804
