0 0.13658899999999996 0.525231 0.05442700000000009 0.114352
0 0.18150999999999992 0.515046 0.04218800000000004 0.08472199999999994
0 0.24466100000000005 0.528935 0.05442700000000009 0.04398099999999995
0 0.34583299999999995 0.535417 0.07604199999999998 0.10694400000000007
0 0.504167 0.545602 0.240625 0.3310189999999999
0 0.284505 0.556713 0.03255199999999985 0.024537000000000093
0 0.158724 0.564352 0.038801999999999975 0.051852000000000044
0 0.25690100000000005 0.566204 0.027865000000000015 0.06851899999999994
0 0.21224 0.583565 0.0854170000000001 0.11805599999999992
0 0.3388020000000001 0.581713 0.09010399999999995 0.10879600000000011
0 0.7567710000000001 0.7861110000000001 0.48593800000000004 0.427778
0 0.06862 0.599074 0.023177000000000093 0.062036999999999884
0 0.05221399999999997 0.589815 0.019531000000000038 0.05462999999999991
