0 0.692188 0.354861 0.009375 0.023611000000000083
0 0.6808590000000001 0.359722 0.01171899999999999 0.03333300000000009
0 0.664453 0.35138900000000006 0.00859399999999999 0.022221999999999967
0 0.617969 0.3756939999999999 0.01875 0.051389
0 0.591406 0.443056 0.03906200000000002 0.13611100000000004
0 0.6375 0.350694 0.03125 0.056944000000000015
0 0.769141 0.343056 0.02265600000000001 0.02777799999999999
0 0.734375 0.36041699999999993 0.06093700000000002 0.07916700000000003
0 0.8460940000000001 0.39027800000000007 0.1531250000000001 0.21111100000000005
0 0.432813 0.42291699999999993 0.0640620000000001 0.17083299999999998
0 0.545312 0.475 0.09375 0.27777800000000014
