1 0.6160159999999999 0.399306 0.01171899999999999 0.0375
1 0.6347660000000002 0.395139 0.00859399999999999 0.029166999999999946
1 0.6429690000000001 0.397917 0.00781199999999993 0.026389000000000034
1 0.1875 0.444444 0.040625 0.10833300000000005
1 0.255469 0.474306 0.05781299999999998 0.10972200000000001
1 0.691797 0.48958300000000005 0.03984399999999999 0.10972200000000001
1 0.758203 0.613889 0.07421900000000008 0.2083329999999999
1 0.8800779999999999 0.48263900000000004 0.07734400000000008 0.17083300000000004
1 0.684375 0.414583 0.08281200000000011 0.13750000000000012
1 0.352734 0.4597220000000001 0.15234400000000003 0.18333299999999997
1 0.49257799999999996 0.556944 0.32734399999999997 0.3972219999999999
