1 0.703906 0.311806 0.04531200000000002 0.056944000000000015
1 0.637891 0.335417 0.02734399999999999 0.023611000000000045
1 0.66875 0.327083 0.03750000000000009 0.04583299999999997
1 0.492969 0.397222 0.04531200000000002 0.05
1 0.600391 0.372222 0.010156000000000099 0.036111000000000004
1 0.621875 0.376389 0.014062999999999892 0.04444400000000002
1 0.644141 0.3791669999999999 0.0179689999999999 0.04166700000000002
1 0.663672 0.384722 0.01484400000000008 0.04166699999999995
1 0.679297 0.3791669999999999 0.01484400000000008 0.044444000000000095
1 0.694531 0.373611 0.0125 0.036111000000000004
1 0.715234 0.37638900000000003 0.02421899999999999 0.03888899999999996
1 0.731641 0.35763899999999993 0.03203099999999992 0.04305599999999994
1 0.732812 0.3715280000000001 0.009375 0.03472200000000001
1 0.816016 0.353472 0.03515599999999992 0.04027800000000007
1 0.8617190000000001 0.354861 0.051561999999999844 0.0625
1 0.894141 0.36180599999999996 0.01171900000000008 0.020832999999999973
1 0.239844 0.534722 0.44531200000000004 0.42777799999999994
1 0.9640630000000001 0.40972200000000003 0.07187500000000017 0.13888900000000007
