0 0.7179690000000001 0.384722 0.015625 0.04166699999999995
0 0.7027340000000001 0.380556 0.01640600000000001 0.03888899999999996
0 0.6417970000000001 0.39861099999999994 0.02265600000000001 0.06666700000000003
0 0.817188 0.352778 0.03125 0.04444400000000005
0 0.8316410000000001 0.359028 0.0289060000000001 0.04305599999999994
0 0.769141 0.377778 0.06796899999999999 0.08333300000000002
0 0.665625 0.364583 0.02656199999999993 0.05694399999999998
0 0.9089839999999999 0.411806 0.1804689999999999 0.27361100000000005
0 0.49335900000000005 0.452778 0.04765600000000001 0.12222200000000008
0 0.565234 0.573611 0.1539060000000001 0.46388900000000005
