1 0.5528643290201823 0.52546307599103 0.3109376271565755 0.5296302512839989
1 0.3575519243876139 0.9611111111111111 0.2411460240681966 0.2092585810908565
1 0.4852867126464844 0.8754630759910301 0.020572884877522787 0.022222222222222223
1 0.454687245686849 0 0.0739580790201823 0.13148088808412906
1 0.4691406885782878 0 0.03984355926513672 0.04351823594835069
1 0.46145807902018227 0 0.05989554723103841 0.08657421535915799
1 0.4666668256123861 0 0.05781262715657552 0.09537065294053819
1 0.4752606709798177 0.18958398324471934 0.042708365122477214 0.046759089717158565
1 0.48111966451009114 0.25671287819191263 0.04036442438761393 0.055093327275028935
1 0.4983074188232422 0.04861156322337963 0.055989551544189456 0.20925869411892362
1 0.49492174784342446 0 0.062239519755045575 0.22731554949725116
1 0.4985678672790527 0.7696764910662616 0.03984355926513672 0.04861156322337963
1 0.5024738629659017 0.8094915884512442 0.03619798024495443 0.06990752043547453
