0 0.582422 0.418056 0.01953100000000001 0.03333300000000005
0 0.55 0.404861 0.04843799999999998 0.07361099999999997
0 0.626953 0.436111 0.05390600000000001 0.08888900000000004
0 0.689063 0.45416699999999993 0.07031199999999985 0.10833299999999997
0 0.42773400000000006 0.572222 0.32890600000000003 0.4333330000000001
0 0.678906 0.55625 0.046875 0.12916700000000003
0 0.7523440000000001 0.544444 0.050000000000000086 0.11944399999999994
0 0.8214839999999999 0.53125 0.041406000000000096 0.09861099999999996
0 0.920312 0.488194 0.046875 0.10138899999999988
0 0.96875 0.480556 0.0625 0.12222200000000008
0 0.036719 0.56875 0.071875 0.16527800000000006
0 0.9777339999999999 0.5034720000000001 0.0445310000000001 0.090278
0 0.9878910000000001 0.510417 0.024219000000000258 0.09583300000000006
