1 0.4977865695953369 0 0.04713525772094727 0.11898131193938079
1 0.5020835081736247 0.044213330304181134 0.030729389190673827 0.05138843677662037
1 0.5072916984558106 0.20023111414026332 0.04843743642171224 0.05416706226490162
1 0.6001300493876139 1 0.11953125 0.10925869411892361
1 0.5188803195953369 0.7405084680627894 0.0643230120340983 0.03750045211226852
1 0.5300779978434245 0.6606488828305845 0.04505233764648438 0.042592027452256945
1 0.5565104325612386 0.8101849026150174 0.06822900772094727 0.07036980523003472
1 0.553124745686849 1 0.07552070617675781 0.0898151538990162
1 0.5592447439829509 1 0.060676860809326175 0.08518586335358797
1 0.5933592478434245 0.9467591462311922 0.16901041666666666 0.18055465133101853
1 0.46783849398295085 0.9636568422670717 0.06901032129923503 0.14027732566550927
1 0.5121095021565755 1 0.1091143290201823 0.2
1 0.5673177401224773 0.4263893410011574 0.22734394073486328 0.5268516257957175
