0 0.5308593273162842 0.5534720102945964 0.024219036102294922 0.056944020589192706
0 0.5238280773162842 0.6659715864393446 0.05234403610229492 0.0958329094780816
0 0.5140625 0.7659715440538194 0.0625 0.12083375718858506
0 0.45351557731628417 0.31388975779215494 0.23515653610229492 0.5833332909478082
0 0.3433594942092896 1 0.2492189884185791 0.15555555555555556
0 0.4921874523162842 0 0.05000009536743164 0.09027733272976346
0 0.5140625 1 0.03906230926513672 0.12083375718858506
0 0.4609377384185791 0.7513884650336371 0.07187509536743164 0.08333333333333333
0 0.471875 0.8527786254882812 0.06562519073486328 0.07777777777777778
0 0.4757810115814209 0.9743057250976562 0.05000009536743164 0.06805513170030382
