3 0.6550779999999999 0.54375 0.014843999999999991 0.03472200000000001
3 0.8410160000000001 0.540972 0.0242189999999999 0.045833000000000054
3 0.8117190000000001 0.54375 0.015625 0.045833000000000054
3 0.788281 0.551389 0.02656200000000002 0.03333300000000005
3 0.745312 0.5465280000000001 0.028125 0.023611000000000045
3 0.555859 0.5326390000000001 0.010156000000000099 0.023611000000000045
3 0.389062 0.4680560000000001 0.0359370000000002 0.13888900000000004
3 0.45234399999999997 0.31458299999999995 0.09531200000000002 0.395833
3 0.34062499999999996 0.559722 0.03593700000000011 0.027777999999999914
3 0.34257800000000005 0.534028 0.0445310000000001 0.05138900000000003
3 0.89375 0.36736100000000005 0.21093800000000007 0.6041669999999999
3 0.554297 0.572222 0.06015600000000001 0.075
