0 0.5470053354899088 0.4226844787597656 0.4679685274759928 0.8249991522894965
0 0.4848957379659017 1 0.045312754313151044 0.0601848461009838
0 0.47421894073486326 0.9212959572120949 0.040103975931803384 0.06944354021990741
0 0.46979150772094724 0.8847217701099537 0.04375012715657552 0.10185253002025463
0 0.43059876759847004 0 0.07213557561238607 0.052314673529730904
0 0.4553386370340983 1 0.024219004313151042 0.029166214554398148
0 0.4490887006123861 1 0.02578105926513672 0.026389341001157408
0 0.3856769561767578 1 0.0833332379659017 0.10462929054542824
0 0.3307291030883789 1 0.2239582379659017 0.18333333333333332
0 0.41028633117675783 0 0.10755224227905273 0.1652782157615379
0 0.4307292302449544 0 0.08020855585734049 0.11388798466435185
