2 0.09023400000000006 0.511806 0.007030999999999921 0.020833000000000053
2 0.07421900000000008 0.511806 0.00625 0.01805600000000014
2 0.17929700000000004 0.56875 0.03359400000000008 0.11527799999999999
2 0.20273400000000003 0.607639 0.05859399999999999 0.1402779999999999
2 0.287891 0.563194 0.03828100000000001 0.10138899999999995
2 0.125781 0.493056 0.028124999999999824 0.02777799999999999
2 0.74375 0.503472 0.075 0.05972200000000009
2 0.336719 0.5354170000000001 0.06406200000000002 0.11527799999999999
2 0.526953 0.686806 0.4367190000000001 0.556944
2 0.98125 0.504861 0.035936999999999844 0.07916700000000003
2 0.9183589999999999 0.48263899999999993 0.1617189999999999 0.10694400000000001
