0 0.25820299999999996 0.457639 0.010156000000000099 0.029166999999999946
0 0.246484 0.45 0.0070310000000000095 0.025
0 0.23203100000000002 0.45625 0.01093700000000002 0.029167000000000106
0 0.21562499999999996 0.449306 0.009374999999999911 0.02361100000000012
0 0.196094 0.45833300000000005 0.009374999999999823 0.02777799999999999
0 0.175 0.458333 0.007811999999999842 0.025
0 0.139844 0.5069440000000001 0.02968700000000002 0.07222200000000001
0 0.30898400000000004 0.425 0.02109399999999999 0.03611099999999996
0 0.329688 0.430556 0.0375 0.03611099999999996
0 0.64375 0.431944 0.14375 0.11388900000000003
0 0.576172 0.43263900000000005 0.05078099999999992 0.06805600000000006
0 0.47226599999999996 0.584722 0.05234399999999999 0.1722220000000001
0 0.38281200000000004 0.676389 0.1375 0.41111099999999995
