1 0.309765887260437 0.8333333333333334 0.16015610694885254 0.16944359673394097
1 0.42070326805114744 0.21388977898491754 0.04296884536743164 0.06944351196289063
1 0.45546855926513674 0.09444444444444444 0.023437690734863282 0.03055640326605903
1 0.45234389305114747 0.6409724341498481 0.02968759536743164 0.03472179836697049
1 0.45664081573486326 0.6131946563720703 0.02265639305114746 0.026389312744140626
1 0.4503908634185791 0.5381938086615669 0.02734365463256836 0.026389312744140626
1 0.4492186546325684 0.3638897365993924 0.028125 0.027777777777777776
1 0.461328125 0.4826382531060113 0.02109375 0.023610687255859374
1 0.46484375 0.4166666666666667 0.0140625 0.01944359673394097
1 0.47031235694885254 0.4409724341498481 0.007812595367431641 0.012499576144748264
1 0.471875 0.45555555555555555 0.0078125 0.011111111111111112
1 0.4988283157348633 0.720138676961263 0.05078139305114746 0.09027735392252605
1 0.49453134536743165 1 0.0531247615814209 0.1458328670925564
1 0.4890627384185791 0.9576391008165147 0.017187786102294923 0.059722646077473955
1 0.48671879768371584 0.9104160096910264 0.01249990463256836 0.034721755981445314
