1 0.24804700000000005 0.5236110000000002 0.4960940000000001 0.3694440000000001
1 0.6003910000000001 0.43333299999999997 0.219531 0.19722199999999993
1 0.716797 0.38958299999999996 0.124219 0.16805599999999996
1 0.810547 0.363889 0.07734400000000008 0.1
1 0.8679690000000001 0.347222 0.05468799999999998 0.06944399999999994
1 0.9003910000000002 0.343056 0.0335939999999999 0.055556000000000064
1 0.9363279999999999 0.352083 0.01171900000000008 0.029167000000000068
1 0.980469 0.359722 0.014062999999999982 0.036111000000000004
1 0.99375 0.346528 0.009375 0.029167000000000068
1 0.95625 0.329167 0.017188000000000158 0.025
1 0.4625 0.36875 0.12968800000000008 0.11805599999999994
1 0.381641 0.3625 0.13984400000000008 0.13333300000000006
