2 0.486328 0.376389 0.010156000000000009 0.03611099999999996
2 0.508594 0.38125 0.009374999999999823 0.04027800000000007
2 0.5304689999999999 0.384028 0.01875000000000009 0.04027800000000007
2 0.550391 0.384722 0.010156000000000009 0.05
2 0.565625 0.386111 0.01249999999999991 0.04444400000000002
2 0.5960940000000001 0.384722 0.02187500000000009 0.03611099999999996
2 0.6027340000000001 0.365278 0.03515600000000001 0.04166699999999999
2 0.512891 0.344444 0.02421899999999999 0.030556000000000062
2 0.5445309999999999 0.328472 0.03906199999999993 0.037499999999999964
2 0.578906 0.320833 0.03281299999999998 0.055556000000000064
2 0.421875 0.39305599999999996 0.03906200000000002 0.05000000000000008
2 0.7089839999999998 0.369444 0.00859399999999999 0.019444000000000017
2 0.686719 0.365278 0.03281299999999998 0.04166699999999999
2 0.735547 0.368056 0.0492189999999999 0.06111100000000004
2 0.240625 0.548611 0.46093799999999996 0.4694439999999999
2 0.853906 0.42986099999999994 0.096875 0.134722
2 0.9386720000000001 0.372222 0.10859400000000008 0.14444400000000002
