0 0.83125 0.502778 0.009375 0.025
0 0.841797 0.5090279999999999 0.007030999999999921 0.020832999999999973
0 0.8523440000000001 0.5041669999999999 0.006250000000000177 0.02222200000000009
0 0.8601559999999999 0.500694 0.009374999999999823 0.026388999999999958
0 0.890625 0.49375 0.009375 0.023611000000000045
0 0.9039059999999999 0.4972220000000001 0.009374999999999823 0.02222200000000001
0 0.7566409999999999 0.528472 0.02265600000000001 0.034722000000000086
0 0.721484 0.5277780000000001 0.02265600000000001 0.025000000000000078
0 0.531641 0.5243059999999999 0.09765599999999992 0.08194399999999993
0 0.47656200000000004 0.525 0.02656199999999993 0.058332999999999975
0 0.579297 0.525694 0.0335939999999999 0.0569440000000001
0 0.29609399999999997 0.520833 0.15937499999999996 0.10555599999999998
0 0.080469 0.549306 0.09687500000000002 0.06527800000000007
0 0.19218800000000003 0.26388900000000004 0.267188 0.513889
0 0.503906 0.26458300000000007 0.18281199999999992 0.47361099999999995
0 0.964453 0.448611 0.036718999999999904 0.10555599999999998
0 0.782813 0.395139 0.078125 0.22083300000000014
