0 0.442187 0.528472 0.05312500000000009 0.09861099999999996
0 0.404297 0.5069440000000001 0.08515600000000001 0.11666699999999995
0 0.669141 0.38888900000000004 0.3585940000000001 0.45
0 0.8722660000000001 0.5159719999999999 0.2539060000000001 0.334722
0 0.489062 0.5354169999999999 0.009374999999999911 0.026388999999999958
0 0.397266 0.41458300000000003 0.041406000000000096 0.12916700000000003
0 0.34414100000000003 0.4368060000000001 0.04609400000000008 0.10972200000000008
0 0.29609399999999997 0.46736099999999997 0.04843799999999998 0.12638900000000003
0 0.153125 0.4875 0.08593800000000015 0.102778
0 0.07382799999999996 0.22916699999999998 0.14765599999999993 0.458333
