2 0.639062 0.623611 0.075 0.09444400000000001
2 0.70625 0.6354169999999999 0.06562500000000009 0.12361099999999989
2 0.542188 0.665278 0.21875 0.20833300000000005
2 0.378906 0.6486110000000002 0.12812499999999996 0.16111100000000003
2 0.809375 0.644444 0.1625000000000001 0.21111100000000005
2 0.886719 0.633333 0.04531200000000002 0.10277800000000006
2 0.896875 0.597917 0.11093700000000002 0.08749999999999984
2 0.93125 0.65625 0.02343800000000016 0.06527799999999992
2 0.9589839999999998 0.670139 0.0179689999999999 0.07361100000000012
2 0.070703 0.874306 0.139844 0.25138900000000003
2 0.210156 0.6347220000000001 0.41875 0.41944399999999993
