1 0.379297 0.39861099999999994 0.00859399999999999 0.033332999999999974
1 0.35156200000000004 0.39027800000000007 0.009374999999999911 0.030556000000000062
1 0.314453 0.48125 0.03515599999999992 0.10416700000000002
1 0.2125 0.5833330000000001 0.071875 0.19999999999999993
1 0.089844 0.484722 0.06718700000000002 0.21666699999999994
1 0.12343700000000002 0.399306 0.029687000000000196 0.06805599999999998
1 0.8125 0.5034720000000001 0.078125 0.1319440000000001
1 0.164062 0.40694400000000003 0.01875 0.04166700000000002
1 0.299219 0.4069439999999999 0.08281199999999993 0.13888899999999998
1 0.5695309999999999 0.601389 0.4437500000000001 0.508333
