0 0.144141 0.520139 0.08359399999999999 0.09583300000000006
0 0.20429700000000003 0.531944 0.030469000000000034 0.02499999999999992
0 0.301953 0.5347220000000001 0.044530999999999966 0.05277799999999999
0 0.355078 0.502083 0.05546899999999999 0.09027800000000007
0 0.4222659999999999 0.7458329999999999 0.06171899999999999 0.19166700000000003
0 0.642969 0.611111 0.02968700000000002 0.06666700000000003
0 0.562891 0.576389 0.01484400000000008 0.05
0 0.47148400000000007 0.58125 0.017968999999999992 0.04583299999999997
0 0.49414099999999994 0.564583 0.01328100000000001 0.03472199999999993
0 0.527344 0.554167 0.01093699999999993 0.02499999999999992
0 0.514453 0.5465280000000001 0.007031000000000098 0.01805600000000006
