2 0.37890612284342445 0 0.2718747774759928 0.7407413058810763
2 0.4605468114217122 0.7590275517216435 0.07734375 0.21712895146122685
2 0.4859375 0.8606488828305845 0.029166730244954427 0.06574040165653935
2 0.48333311080932617 0.9974542688440393 0.0421875 0.10138843677662036
2 0.4533856391906738 1 0.04687480926513672 0.05601784035011574
2 0.48020846048990884 1 0.02708323796590169 0.03333333333333333
2 0.4755205790201823 1 0.02552061080932617 0.03611190230758102
2 0.47747411727905276 1 0.022656377156575522 0.029166214554398148
2 0.5104169209798177 0.9891199182581019 0.07135426203409831 0.10787025734230324
2 0.5082029342651367 1 0.06744766235351562 0.10462940357349537
2 0.501823075612386 1 0.031770579020182294 0.0398151538990162
