2 0.6875 0.478472 0.015625 0.026389000000000034
2 0.6125 0.502778 0.03281299999999998 0.04722200000000009
2 0.566406 0.48680599999999996 0.014062999999999892 0.018055999999999905
2 0.730859 0.4958330000000001 0.0070310000000000095 0.019443999999999937
2 0.758203 0.490278 0.007030999999999921 0.019444000000000017
2 0.801172 0.49513899999999994 0.008594000000000079 0.03472199999999993
2 0.8132809999999999 0.520139 0.02499999999999982 0.07083299999999998
2 0.626563 0.48263899999999993 0.0421879999999998 0.04027799999999991
2 0.233203 0.5951390000000001 0.06796900000000002 0.12916700000000003
2 0.20351599999999997 0.5208330000000001 0.05390599999999999 0.05277799999999999
2 0.10625 0.53125 0.07656300000000002 0.054167000000000104
2 0.037891 0.5388889999999998 0.07421900000000001 0.18333299999999997
2 0.25468799999999997 0.506944 0.09062499999999996 0.061110999999999964
