2 0.10729200000000004 0.437963 0.007291999999999988 0.026852000000000046
2 0.08463499999999999 0.363194 0.03281299999999992 0.08194399999999996
2 0.049609 0.43634300000000004 0.01484400000000008 0.028240999999999978
2 0.024479000000000067 0.40069399999999994 0.026041999999999867 0.055093000000000024
2 0.005207999999999953 0.44074100000000005 0.010416999999999987 0.026852000000000154
2 0.14244800000000002 0.46064799999999995 0.021875 0.03611100000000007
2 0.18007799999999996 0.441667 0.029426999999999974 0.066667
2 0.3733070000000001 0.379861 0.19765600000000003 0.23101900000000014
2 0.2819009999999999 0.44375 0.010677000000000093 0.018980999999999953
2 0.16679699999999997 0.461111 0.03255199999999985 0.07129600000000001
2 0.23463500000000004 0.45625000000000004 0.08906300000000004 0.19120399999999999
2 0.670052 0.40463000000000005 0.1145829999999999 0.12314800000000006
2 0.47825499999999993 0.519907 0.3466150000000001 0.45463000000000003
