2 0.5031252384185791 0.8652782016330295 0.0140625 0.027777777777777776
2 0.4933591365814209 0.7923609415690104 0.024219036102294922 0.05138846503363715
2 0.5019530296325684 0.7909723917643229 0.02578105926513672 0.056944020589192706
2 0.49375009536743164 0.9951395670572917 0.009375190734863282 0.012499576144748264
2 0.49453134536743165 1 0.009375190734863282 0.011111111111111112
2 0.46914072036743165 1 0.03515625 0.051388380262586804
2 0.40585947036743164 0.4326382531060113 0.28671860694885254 0.6791662428114149
2 0.4988283157348633 0.1479164547390408 0.07265644073486328 0.10972264607747396
2 0.4980469703674316 0.05 0.02578105926513672 0.08333333333333333
2 0.5265624046325683 0 0.0249997615814209 0.29027733272976347
2 0.4968747615814209 0 0.0421875 0.35972264607747395
