0 0.0679689999999999 0.42222199999999993 0.10625 0.16944399999999998
0 0.16328099999999995 0.4722219999999999 0.17187500000000008 0.21111099999999988
0 0.17812499999999995 0.36736099999999994 0.08593800000000007 0.03194399999999998
0 0.30625 0.381944 0.14531300000000008 0.05277799999999995
0 0.567969 0.46736099999999997 0.20781299999999997 0.25416700000000003
0 0.392969 0.598611 0.44531200000000004 0.46944400000000003
0 0.8976559999999999 0.5416669999999999 0.20312499999999992 0.3611109999999999
0 0.7332029999999999 0.44513900000000006 0.04609399999999999 0.05694399999999994
0 0.6617190000000001 0.43958299999999995 0.01875000000000009 0.05416699999999995
0 0.696875 0.43958299999999995 0.0375 0.04861099999999997
0 0.014843999999999991 0.477778 0.02499999999999982 0.1
