3 0.6152343034744263 0.3208337571885851 0.25859360694885253 0.24444444444444444
3 0.5203124046325683 0.12430576748318142 0.05625 0.06249957614474826
3 0.4667967319488525 0.6416675143771702 0.022656345367431642 0.027777777777777776
3 0.4656250476837158 0.610416030883789 0.020312404632568358 0.02083375718858507
3 0.47734360694885253 1 0.03437490463256836 0.06666666666666667
3 0.472265362739563 0.07708269755045573 0.03046889305114746 0.059722646077473955
3 0.6257812023162842 1 0.31093759536743165 0.3361101998223199
3 0.46914067268371584 0.9743057674831814 0.05078134536743164 0.24027735392252605
3 0.4679689884185791 0.7833333333333333 0.0421875 0.1416658189561632
3 0.4546872615814209 0.28819380866156685 0.03437490463256836 0.06249957614474826
