0 0.977474 0.559722 0.045052 0.150926
0 0.051823 0.583565 0.071354 0.106019
0 0.227474 0.543519 0.040365 0.075
0 0.323698 0.528009 0.025521 0.052315
0 0.38737 0.521528 0.01849 0.043981
0 0.416797 0.516898 0.016927 0.048611
0 0.44987 0.506713 0.015885 0.053241
0 0.491797 0.541667 0.023177 0.062963
0 0.552083 0.70162 0.063021 0.201389
0 0.616016 0.516898 0.015365 0.046759
0 0.634115 0.521991 0.015625 0.045833
0 0.665885 0.528704 0.01875 0.05463
0 0.722005 0.609722 0.053385 0.117593
0 0.776042 0.567824 0.020313 0.083796
0 0.891406 0.594676 0.059896 0.127315
2 0.54987 0.447454 0.038802 0.043981
1 0.523438 0.497685 0.038021 0.094444
