0 0.286719 0.667824 0.1375 0.397685
0 0.846484 0.386343 0.010156 0.025463
0 0.833333 0.396065 0.009896 0.035648
0 0.817839 0.410417 0.015365 0.043981
0 0.86276 0.389352 0.0125 0.030556
0 0.961979 0.531713 0.076042 0.201389
0 0.755208 0.631713 0.153125 0.401389
0 0.633594 0.528935 0.053125 0.147685
0 0.561589 0.471991 0.09974 0.108796
0 0.388021 0.473611 0.095833 0.10463
0 0.12474 0.464815 0.095312 0.126852
0 0.033333 0.46412 0.066146 0.116204
2 0.656901 0.346065 0.092969 0.115278
2 0.779687 0.332407 0.036979 0.071296
