1 0.466797 0.526157 0.02474 0.084722
1 0.422656 0.527315 0.085938 0.138889
0 0.560156 0.556019 0.023958 0.064815
0 0.588932 0.544213 0.014323 0.045833
0 0.609766 0.56412 0.025781 0.084722
0 0.65013 0.567593 0.039323 0.096296
0 0.704427 0.646528 0.092188 0.238426
0 0.811589 0.629861 0.070052 0.164352
0 0.510417 0.653704 0.068229 0.25
0 0.339583 0.574537 0.025521 0.073148
0 0.308464 0.542593 0.014323 0.040741
0 0.220443 0.546528 0.025781 0.054167
0 0.147396 0.580093 0.034375 0.083333
0 0.113672 0.603704 0.053385 0.121296
0 0.952865 0.566204 0.094271 0.135185
2 0.446615 0.469676 0.05 0.073611
