0 0.940495 0.381713 0.102344 0.1625
0 0.942057 0.412269 0.115885 0.199537
0 0.868229 0.377778 0.050521 0.158333
0 0.845703 0.373611 0.048698 0.149074
0 0.822396 0.375 0.049479 0.140741
0 0.73724 0.377778 0.122917 0.163889
0 0.661198 0.399769 0.047917 0.108796
0 0.66224 0.330556 0.038021 0.051852
0 0.603516 0.359722 0.033594 0.101852
0 0.572266 0.366898 0.044531 0.111574
0 0.451562 0.462269 0.091667 0.253241
0 0.398177 0.339815 0.038542 0.039815
0 0.363672 0.373148 0.017969 0.059259
0 0.320182 0.40162 0.038281 0.100463
0 0.279818 0.354398 0.01849 0.052315
0 0.260807 0.328009 0.011198 0.027315
2 0.191797 0.284028 0.123698 0.29213
2 0.06901 0.325694 0.058333 0.120833
