3 0.038281 0.229167 0.076042 0.356481
0 0.149479 0.676852 0.196354 0.646296
0 0.325 0.414352 0.043229 0.123148
0 0.226562 0.388657 0.049479 0.200463
0 0.379818 0.459028 0.060677 0.195833
0 0.730729 0.653935 0.181771 0.574537
0 0.586198 0.440278 0.072917 0.223148
0 0.539974 0.395833 0.048177 0.183333
0 0.502474 0.319907 0.06849 0.092593
0 0.422526 0.280787 0.035156 0.047685
0 0.29349 0.347222 0.024479 0.087037
0 0.283984 0.309954 0.015885 0.06713
1 0.188151 0.283796 0.059115 0.091667
1 0.265755 0.260185 0.028385 0.060185
2 0.301172 0.221759 0.05026 0.068519
