0 0.504687 0.1875 0.042708 0.10463
0 0.527344 0.201852 0.061458 0.083333
0 0.474219 0.202315 0.035937 0.096296
0 0.344141 0.184028 0.022135 0.071759
0 0.330339 0.212963 0.01901 0.07963
0 0.23138 0.240046 0.035156 0.100463
0 0.182422 0.298843 0.04401 0.146759
0 0.082031 0.613657 0.163542 0.5625
0 0.43763 0.25162 0.027344 0.119907
0 0.408333 0.273843 0.048958 0.154167
0 0.279818 0.333102 0.07474 0.210648
0 0.583854 0.356944 0.075521 0.185185
0 0.679297 0.217824 0.066406 0.15787
0 0.93112 0.252778 0.13776 0.177778
2 0.173568 0.087731 0.071615 0.088426
3 0.121354 0.109491 0.044792 0.104167
