2 0.547005 0.508565 0.185677 0.347685
2 0.742057 0.513889 0.036719 0.080556
0 0.780339 0.590741 0.025781 0.065741
0 0.82487 0.572222 0.020052 0.04537
0 0.841016 0.549537 0.008073 0.02963
0 0.852474 0.562037 0.015365 0.043519
0 0.863932 0.557639 0.009635 0.033796
0 0.909115 0.555556 0.026042 0.057407
0 0.672396 0.811574 0.153646 0.376852
1 0.79388 0.514815 0.020573 0.037963
1 0.705208 0.538889 0.061979 0.087037
0 0.283203 0.572454 0.021094 0.036574
3 0.399219 0.528009 0.120313 0.106019
2 0.069661 0.473611 0.138802 0.686111
