0 0.114714 0.545602 0.11276 0.16713
0 0.951432 0.510417 0.052865 0.120833
0 0.379688 0.491204 0.028125 0.072222
0 0.409245 0.498611 0.034635 0.069444
0 0.475911 0.486806 0.028906 0.061574
0 0.529036 0.482176 0.023698 0.035648
0 0.553646 0.467361 0.028646 0.039352
0 0.73763 0.462269 0.01224 0.034722
0 0.771484 0.462269 0.016927 0.043981
0 0.80612 0.475694 0.02526 0.068056
0 0.83112 0.448843 0.010156 0.028241
0 0.84375 0.458796 0.013542 0.037963
0 0.857943 0.472222 0.020573 0.044444
1 0.758073 0.430093 0.020313 0.027778
1 0.726953 0.441435 0.046094 0.054167
1 0.671354 0.447685 0.054688 0.04537
