0 0.85612 0.490972 0.015365 0.040278
0 0.873307 0.500231 0.017448 0.046759
0 0.887891 0.480093 0.014323 0.036111
0 0.983724 0.569444 0.021094 0.080556
0 0.922526 0.494676 0.014844 0.039352
0 0.909115 0.475 0.008854 0.025926
0 0.933984 0.480556 0.011719 0.036111
0 0.490755 0.50162 0.022135 0.068056
0 0.523047 0.497222 0.03151 0.062037
0 0.596745 0.484028 0.026823 0.045833
0 0.667057 0.476157 0.016927 0.040278
0 0.726432 0.473611 0.010677 0.023148
1 0.827995 0.460648 0.034115 0.038889
1 0.405339 0.4625 0.116406 0.152778
1 0.273958 0.656713 0.547396 0.686574
